const elems = document.body.getElementsByTagName("figcaption");
for (let i = 0; i < elems.length; i++) {
	const element = elems[i];
	element.innerHTML = `<strong>Fig ${i + 1}. </strong>` + element.innerHTML;
}
let notes = false;
const config = {
	history: true,
	katex: {
		version: "latest",
		delimiters: [
			{ left: "$$", right: "$$", display: true },
			{ left: "$", right: "$", display: false },
			{ left: "\\(", right: "\\)", display: false },
			{ left: "\\[", right: "\\]", display: true },
		],
		ignoredTags: ["script", "noscript", "style", "textarea", "pre"],
	},
	// showNotes: true,
	slideNumber: null,
	transition: "fade",
	preloadIframes: true,
	showNotes: notes,
	viewDistance: 1,
	touch: false,
	navigationMode: "linear",
	plugins: [RevealMath.KaTeX, RevealNotes, RevealZoom],
};
Reveal.initialize(config);
// Reveal.configure({ pdfMaxPagesPerSlide: 1, showNotes: true });

const plots_config = { responsive: true, displayModeBar: false };
const plots_layout = {
	margin: { autoexpand: false, b: 0, l: 0, pad: 0, r: 0, t: 0 },
};

const atenu1_div = [...document.querySelectorAll("[id=atenuacion1]")];

const resultados_1 = [...document.querySelectorAll("[id=grafica_res_1]")];
const resultados_2 = [...document.querySelectorAll("[id=grafica_res_2]")];
const resultados_3 = [
	...document.querySelectorAll("[id=resultados-frecuencias-cambiando-l]"),
];

const cmap = [
	["0.0", "#f3f3f3)"],
	["1.0", "#dc2c41"],
];

const data_atenua_1 = {
	type: "mesh3d",
	colorscale: cmap,
	x: [
		-5.0, -4.5, -4.0, -3.5, -3.0, -2.5, -2.0, -1.5, -1.0, -0.5, 0.0, 0.5,
		1.0, 1.5, 2.0, 2.5, 3.0, 3.5, 4.0, 4.5, 5.0, -5.0, -4.5, -4.0, -3.5,
		-3.0, -2.5, -2.0, -1.5, -1.0, -0.5, 0.0, 0.5, 1.0, 1.5, 2.0, 2.5, 3.0,
		3.5, 4.0, 4.5, 5.0, -5.0, -4.5, -4.0, -3.5, -3.0, -2.5, -2.0, -1.5,
		-1.0, -0.5, 0.0, 0.5, 1.0, 1.5, 2.0, 2.5, 3.0, 3.5, 4.0, 4.5, 5.0, -5.0,
		-4.5, -4.0, -3.5, -3.0, -2.5, -2.0, -1.5, -1.0, -0.5, 0.0, 0.5, 1.0,
		1.5, 2.0, 2.5, 3.0, 3.5, 4.0, 4.5, 5.0, -5.0, -4.5, -4.0, -3.5, -3.0,
		-2.5, -2.0, -1.5, -1.0, -0.5, 0.0, 0.5, 1.0, 1.5, 2.0, 2.5, 3.0, 3.5,
		4.0, 4.5, 5.0, -5.0, -4.5, -4.0, -3.5, -3.0, -2.5, -2.0, -1.5, -1.0,
		-0.5, 0.0, 0.5, 1.0, 1.5, 2.0, 2.5, 3.0, 3.5, 4.0, 4.5, 5.0, -5.0, -4.5,
		-4.0, -3.5, -3.0, -2.5, -2.0, -1.5, -1.0, -0.5, 0.0, 0.5, 1.0, 1.5, 2.0,
		2.5, 3.0, 3.5, 4.0, 4.5, 5.0, -5.0, -4.5, -4.0, -3.5, -3.0, -2.5, -2.0,
		-1.5, -1.0, -0.5, 0.0, 0.5, 1.0, 1.5, 2.0, 2.5, 3.0, 3.5, 4.0, 4.5, 5.0,
		-5.0, -4.5, -4.0, -3.5, -3.0, -2.5, -2.0, -1.5, -1.0, -0.5, 0.0, 0.5,
		1.0, 1.5, 2.0, 2.5, 3.0, 3.5, 4.0, 4.5, 5.0, -5.0, -4.5, -4.0, -3.5,
		-3.0, -2.5, -2.0, -1.5, -1.0, -0.5, 0.0, 0.5, 1.0, 1.5, 2.0, 2.5, 3.0,
		3.5, 4.0, 4.5, 5.0, -5.0, -4.5, -4.0, -3.5, -3.0, -2.5, -2.0, -1.5,
		-1.0, -0.5, 0.0, 0.5, 1.0, 1.5, 2.0, 2.5, 3.0, 3.5, 4.0, 4.5, 5.0, -5.0,
		-4.5, -4.0, -3.5, -3.0, -2.5, -2.0, -1.5, -1.0, -0.5, 0.0, 0.5, 1.0,
		1.5, 2.0, 2.5, 3.0, 3.5, 4.0, 4.5, 5.0, -5.0, -4.5, -4.0, -3.5, -3.0,
		-2.5, -2.0, -1.5, -1.0, -0.5, 0.0, 0.5, 1.0, 1.5, 2.0, 2.5, 3.0, 3.5,
		4.0, 4.5, 5.0, -5.0, -4.5, -4.0, -3.5, -3.0, -2.5, -2.0, -1.5, -1.0,
		-0.5, 0.0, 0.5, 1.0, 1.5, 2.0, 2.5, 3.0, 3.5, 4.0, 4.5, 5.0, -5.0, -4.5,
		-4.0, -3.5, -3.0, -2.5, -2.0, -1.5, -1.0, -0.5, 0.0, 0.5, 1.0, 1.5, 2.0,
		2.5, 3.0, 3.5, 4.0, 4.5, 5.0, -5.0, -4.5, -4.0, -3.5, -3.0, -2.5, -2.0,
		-1.5, -1.0, -0.5, 0.0, 0.5, 1.0, 1.5, 2.0, 2.5, 3.0, 3.5, 4.0, 4.5, 5.0,
		-5.0, -4.5, -4.0, -3.5, -3.0, -2.5, -2.0, -1.5, -1.0, -0.5, 0.0, 0.5,
		1.0, 1.5, 2.0, 2.5, 3.0, 3.5, 4.0, 4.5, 5.0, -5.0, -4.5, -4.0, -3.5,
		-3.0, -2.5, -2.0, -1.5, -1.0, -0.5, 0.0, 0.5, 1.0, 1.5, 2.0, 2.5, 3.0,
		3.5, 4.0, 4.5, 5.0, -5.0, -4.5, -4.0, -3.5, -3.0, -2.5, -2.0, -1.5,
		-1.0, -0.5, 0.0, 0.5, 1.0, 1.5, 2.0, 2.5, 3.0, 3.5, 4.0, 4.5, 5.0, -5.0,
		-4.5, -4.0, -3.5, -3.0, -2.5, -2.0, -1.5, -1.0, -0.5, 0.0, 0.5, 1.0,
		1.5, 2.0, 2.5, 3.0, 3.5, 4.0, 4.5, 5.0, -5.0, -4.5, -4.0, -3.5, -3.0,
		-2.5, -2.0, -1.5, -1.0, -0.5, 0.0, 0.5, 1.0, 1.5, 2.0, 2.5, 3.0, 3.5,
		4.0, 4.5, 5.0,
	],
	y: [
		-5.0, -5.0, -5.0, -5.0, -5.0, -5.0, -5.0, -5.0, -5.0, -5.0, -5.0, -5.0,
		-5.0, -5.0, -5.0, -5.0, -5.0, -5.0, -5.0, -5.0, -5.0, -4.5, -4.5, -4.5,
		-4.5, -4.5, -4.5, -4.5, -4.5, -4.5, -4.5, -4.5, -4.5, -4.5, -4.5, -4.5,
		-4.5, -4.5, -4.5, -4.5, -4.5, -4.5, -4.0, -4.0, -4.0, -4.0, -4.0, -4.0,
		-4.0, -4.0, -4.0, -4.0, -4.0, -4.0, -4.0, -4.0, -4.0, -4.0, -4.0, -4.0,
		-4.0, -4.0, -4.0, -3.5, -3.5, -3.5, -3.5, -3.5, -3.5, -3.5, -3.5, -3.5,
		-3.5, -3.5, -3.5, -3.5, -3.5, -3.5, -3.5, -3.5, -3.5, -3.5, -3.5, -3.5,
		-3.0, -3.0, -3.0, -3.0, -3.0, -3.0, -3.0, -3.0, -3.0, -3.0, -3.0, -3.0,
		-3.0, -3.0, -3.0, -3.0, -3.0, -3.0, -3.0, -3.0, -3.0, -2.5, -2.5, -2.5,
		-2.5, -2.5, -2.5, -2.5, -2.5, -2.5, -2.5, -2.5, -2.5, -2.5, -2.5, -2.5,
		-2.5, -2.5, -2.5, -2.5, -2.5, -2.5, -2.0, -2.0, -2.0, -2.0, -2.0, -2.0,
		-2.0, -2.0, -2.0, -2.0, -2.0, -2.0, -2.0, -2.0, -2.0, -2.0, -2.0, -2.0,
		-2.0, -2.0, -2.0, -1.5, -1.5, -1.5, -1.5, -1.5, -1.5, -1.5, -1.5, -1.5,
		-1.5, -1.5, -1.5, -1.5, -1.5, -1.5, -1.5, -1.5, -1.5, -1.5, -1.5, -1.5,
		-1.0, -1.0, -1.0, -1.0, -1.0, -1.0, -1.0, -1.0, -1.0, -1.0, -1.0, -1.0,
		-1.0, -1.0, -1.0, -1.0, -1.0, -1.0, -1.0, -1.0, -1.0, -0.5, -0.5, -0.5,
		-0.5, -0.5, -0.5, -0.5, -0.5, -0.5, -0.5, -0.5, -0.5, -0.5, -0.5, -0.5,
		-0.5, -0.5, -0.5, -0.5, -0.5, -0.5, 0.0, 0.0, 0.0, 0.0, 0.0, 0.0, 0.0,
		0.0, 0.0, 0.0, 0.0, 0.0, 0.0, 0.0, 0.0, 0.0, 0.0, 0.0, 0.0, 0.0, 0.0,
		0.5, 0.5, 0.5, 0.5, 0.5, 0.5, 0.5, 0.5, 0.5, 0.5, 0.5, 0.5, 0.5, 0.5,
		0.5, 0.5, 0.5, 0.5, 0.5, 0.5, 0.5, 1.0, 1.0, 1.0, 1.0, 1.0, 1.0, 1.0,
		1.0, 1.0, 1.0, 1.0, 1.0, 1.0, 1.0, 1.0, 1.0, 1.0, 1.0, 1.0, 1.0, 1.0,
		1.5, 1.5, 1.5, 1.5, 1.5, 1.5, 1.5, 1.5, 1.5, 1.5, 1.5, 1.5, 1.5, 1.5,
		1.5, 1.5, 1.5, 1.5, 1.5, 1.5, 1.5, 2.0, 2.0, 2.0, 2.0, 2.0, 2.0, 2.0,
		2.0, 2.0, 2.0, 2.0, 2.0, 2.0, 2.0, 2.0, 2.0, 2.0, 2.0, 2.0, 2.0, 2.0,
		2.5, 2.5, 2.5, 2.5, 2.5, 2.5, 2.5, 2.5, 2.5, 2.5, 2.5, 2.5, 2.5, 2.5,
		2.5, 2.5, 2.5, 2.5, 2.5, 2.5, 2.5, 3.0, 3.0, 3.0, 3.0, 3.0, 3.0, 3.0,
		3.0, 3.0, 3.0, 3.0, 3.0, 3.0, 3.0, 3.0, 3.0, 3.0, 3.0, 3.0, 3.0, 3.0,
		3.5, 3.5, 3.5, 3.5, 3.5, 3.5, 3.5, 3.5, 3.5, 3.5, 3.5, 3.5, 3.5, 3.5,
		3.5, 3.5, 3.5, 3.5, 3.5, 3.5, 3.5, 4.0, 4.0, 4.0, 4.0, 4.0, 4.0, 4.0,
		4.0, 4.0, 4.0, 4.0, 4.0, 4.0, 4.0, 4.0, 4.0, 4.0, 4.0, 4.0, 4.0, 4.0,
		4.5, 4.5, 4.5, 4.5, 4.5, 4.5, 4.5, 4.5, 4.5, 4.5, 4.5, 4.5, 4.5, 4.5,
		4.5, 4.5, 4.5, 4.5, 4.5, 4.5, 4.5, 5.0, 5.0, 5.0, 5.0, 5.0, 5.0, 5.0,
		5.0, 5.0, 5.0, 5.0, 5.0, 5.0, 5.0, 5.0, 5.0, 5.0, 5.0, 5.0, 5.0, 5.0,
	],
	z: [
		0.00085, 0.0012, 0.00166, 0.00224, 0.00294, 0.00373, 0.00458, 0.00541,
		0.0061, 0.00657, 0.00674, 0.00657, 0.0061, 0.00541, 0.00458, 0.00373,
		0.00294, 0.00224, 0.00166, 0.0012, 0.00085, 0.0012, 0.00172, 0.00243,
		0.00334, 0.00448, 0.00581, 0.00727, 0.00871, 0.00995, 0.01081, 0.01111,
		0.01081, 0.00995, 0.00871, 0.00727, 0.00581, 0.00448, 0.00334, 0.00243,
		0.00172, 0.0012, 0.00166, 0.00243, 0.00349, 0.00492, 0.00674, 0.00894,
		0.01142, 0.01395, 0.01619, 0.01775, 0.01832, 0.01775, 0.01619, 0.01395,
		0.01142, 0.00894, 0.00674, 0.00492, 0.00349, 0.00243, 0.00166, 0.00224,
		0.00334, 0.00492, 0.00709, 0.00995, 0.01355, 0.01775, 0.0222, 0.02625,
		0.02914, 0.0302, 0.02914, 0.02625, 0.0222, 0.01775, 0.01355, 0.00995,
		0.00709, 0.00492, 0.00334, 0.00224, 0.00294, 0.00448, 0.00674, 0.00995,
		0.01437, 0.02014, 0.02717, 0.03494, 0.04233, 0.04777, 0.04979, 0.04777,
		0.04233, 0.03494, 0.02717, 0.02014, 0.01437, 0.00995, 0.00674, 0.00448,
		0.00294, 0.00373, 0.00581, 0.00894, 0.01355, 0.02014, 0.02914, 0.0407,
		0.05418, 0.06771, 0.07812, 0.08208, 0.07812, 0.06771, 0.05418, 0.0407,
		0.02914, 0.02014, 0.01355, 0.00894, 0.00581, 0.00373, 0.00458, 0.00727,
		0.01142, 0.01775, 0.02717, 0.0407, 0.05911, 0.08208, 0.10688, 0.12726,
		0.13534, 0.12726, 0.10688, 0.08208, 0.05911, 0.0407, 0.02717, 0.01775,
		0.01142, 0.00727, 0.00458, 0.00541, 0.00871, 0.01395, 0.0222, 0.03494,
		0.05418, 0.08208, 0.11987, 0.16484, 0.20574, 0.22313, 0.20574, 0.16484,
		0.11987, 0.08208, 0.05418, 0.03494, 0.0222, 0.01395, 0.00871, 0.00541,
		0.0061, 0.00995, 0.01619, 0.02625, 0.04233, 0.06771, 0.10688, 0.16484,
		0.24312, 0.32692, 0.36788, 0.32692, 0.24312, 0.16484, 0.10688, 0.06771,
		0.04233, 0.02625, 0.01619, 0.00995, 0.0061, 0.00657, 0.01081, 0.01775,
		0.02914, 0.04777, 0.07812, 0.12726, 0.20574, 0.32692, 0.49307, 0.60653,
		0.49307, 0.32692, 0.20574, 0.12726, 0.07812, 0.04777, 0.02914, 0.01775,
		0.01081, 0.00657, 0.00674, 0.01111, 0.01832, 0.0302, 0.04979, 0.08208,
		0.13534, 0.22313, 0.36788, 0.60653, 1.0, 0.60653, 0.36788, 0.22313,
		0.13534, 0.08208, 0.04979, 0.0302, 0.01832, 0.01111, 0.00674, 0.00657,
		0.01081, 0.01775, 0.02914, 0.04777, 0.07812, 0.12726, 0.20574, 0.32692,
		0.49307, 0.60653, 0.49307, 0.32692, 0.20574, 0.12726, 0.07812, 0.04777,
		0.02914, 0.01775, 0.01081, 0.00657, 0.0061, 0.00995, 0.01619, 0.02625,
		0.04233, 0.06771, 0.10688, 0.16484, 0.24312, 0.32692, 0.36788, 0.32692,
		0.24312, 0.16484, 0.10688, 0.06771, 0.04233, 0.02625, 0.01619, 0.00995,
		0.0061, 0.00541, 0.00871, 0.01395, 0.0222, 0.03494, 0.05418, 0.08208,
		0.11987, 0.16484, 0.20574, 0.22313, 0.20574, 0.16484, 0.11987, 0.08208,
		0.05418, 0.03494, 0.0222, 0.01395, 0.00871, 0.00541, 0.00458, 0.00727,
		0.01142, 0.01775, 0.02717, 0.0407, 0.05911, 0.08208, 0.10688, 0.12726,
		0.13534, 0.12726, 0.10688, 0.08208, 0.05911, 0.0407, 0.02717, 0.01775,
		0.01142, 0.00727, 0.00458, 0.00373, 0.00581, 0.00894, 0.01355, 0.02014,
		0.02914, 0.0407, 0.05418, 0.06771, 0.07812, 0.08208, 0.07812, 0.06771,
		0.05418, 0.0407, 0.02914, 0.02014, 0.01355, 0.00894, 0.00581, 0.00373,
		0.00294, 0.00448, 0.00674, 0.00995, 0.01437, 0.02014, 0.02717, 0.03494,
		0.04233, 0.04777, 0.04979, 0.04777, 0.04233, 0.03494, 0.02717, 0.02014,
		0.01437, 0.00995, 0.00674, 0.00448, 0.00294, 0.00224, 0.00334, 0.00492,
		0.00709, 0.00995, 0.01355, 0.01775, 0.0222, 0.02625, 0.02914, 0.0302,
		0.02914, 0.02625, 0.0222, 0.01775, 0.01355, 0.00995, 0.00709, 0.00492,
		0.00334, 0.00224, 0.00166, 0.00243, 0.00349, 0.00492, 0.00674, 0.00894,
		0.01142, 0.01395, 0.01619, 0.01775, 0.01832, 0.01775, 0.01619, 0.01395,
		0.01142, 0.00894, 0.00674, 0.00492, 0.00349, 0.00243, 0.00166, 0.0012,
		0.00172, 0.00243, 0.00334, 0.00448, 0.00581, 0.00727, 0.00871, 0.00995,
		0.01081, 0.01111, 0.01081, 0.00995, 0.00871, 0.00727, 0.00581, 0.00448,
		0.00334, 0.00243, 0.00172, 0.0012, 0.00085, 0.0012, 0.00166, 0.00224,
		0.00294, 0.00373, 0.00458, 0.00541, 0.0061, 0.00657, 0.00674, 0.00657,
		0.0061, 0.00541, 0.00458, 0.00373, 0.00294, 0.00224, 0.00166, 0.0012,
		0.00085,
	],
	intensity: [
		0.00085, 0.0012, 0.00166, 0.00224, 0.00294, 0.00373, 0.00458, 0.00541,
		0.0061, 0.00657, 0.00674, 0.00657, 0.0061, 0.00541, 0.00458, 0.00373,
		0.00294, 0.00224, 0.00166, 0.0012, 0.00085, 0.0012, 0.00172, 0.00243,
		0.00334, 0.00448, 0.00581, 0.00727, 0.00871, 0.00995, 0.01081, 0.01111,
		0.01081, 0.00995, 0.00871, 0.00727, 0.00581, 0.00448, 0.00334, 0.00243,
		0.00172, 0.0012, 0.00166, 0.00243, 0.00349, 0.00492, 0.00674, 0.00894,
		0.01142, 0.01395, 0.01619, 0.01775, 0.01832, 0.01775, 0.01619, 0.01395,
		0.01142, 0.00894, 0.00674, 0.00492, 0.00349, 0.00243, 0.00166, 0.00224,
		0.00334, 0.00492, 0.00709, 0.00995, 0.01355, 0.01775, 0.0222, 0.02625,
		0.02914, 0.0302, 0.02914, 0.02625, 0.0222, 0.01775, 0.01355, 0.00995,
		0.00709, 0.00492, 0.00334, 0.00224, 0.00294, 0.00448, 0.00674, 0.00995,
		0.01437, 0.02014, 0.02717, 0.03494, 0.04233, 0.04777, 0.04979, 0.04777,
		0.04233, 0.03494, 0.02717, 0.02014, 0.01437, 0.00995, 0.00674, 0.00448,
		0.00294, 0.00373, 0.00581, 0.00894, 0.01355, 0.02014, 0.02914, 0.0407,
		0.05418, 0.06771, 0.07812, 0.08208, 0.07812, 0.06771, 0.05418, 0.0407,
		0.02914, 0.02014, 0.01355, 0.00894, 0.00581, 0.00373, 0.00458, 0.00727,
		0.01142, 0.01775, 0.02717, 0.0407, 0.05911, 0.08208, 0.10688, 0.12726,
		0.13534, 0.12726, 0.10688, 0.08208, 0.05911, 0.0407, 0.02717, 0.01775,
		0.01142, 0.00727, 0.00458, 0.00541, 0.00871, 0.01395, 0.0222, 0.03494,
		0.05418, 0.08208, 0.11987, 0.16484, 0.20574, 0.22313, 0.20574, 0.16484,
		0.11987, 0.08208, 0.05418, 0.03494, 0.0222, 0.01395, 0.00871, 0.00541,
		0.0061, 0.00995, 0.01619, 0.02625, 0.04233, 0.06771, 0.10688, 0.16484,
		0.24312, 0.32692, 0.36788, 0.32692, 0.24312, 0.16484, 0.10688, 0.06771,
		0.04233, 0.02625, 0.01619, 0.00995, 0.0061, 0.00657, 0.01081, 0.01775,
		0.02914, 0.04777, 0.07812, 0.12726, 0.20574, 0.32692, 0.49307, 0.60653,
		0.49307, 0.32692, 0.20574, 0.12726, 0.07812, 0.04777, 0.02914, 0.01775,
		0.01081, 0.00657, 0.00674, 0.01111, 0.01832, 0.0302, 0.04979, 0.08208,
		0.13534, 0.22313, 0.36788, 0.60653, 1.0, 0.60653, 0.36788, 0.22313,
		0.13534, 0.08208, 0.04979, 0.0302, 0.01832, 0.01111, 0.00674, 0.00657,
		0.01081, 0.01775, 0.02914, 0.04777, 0.07812, 0.12726, 0.20574, 0.32692,
		0.49307, 0.60653, 0.49307, 0.32692, 0.20574, 0.12726, 0.07812, 0.04777,
		0.02914, 0.01775, 0.01081, 0.00657, 0.0061, 0.00995, 0.01619, 0.02625,
		0.04233, 0.06771, 0.10688, 0.16484, 0.24312, 0.32692, 0.36788, 0.32692,
		0.24312, 0.16484, 0.10688, 0.06771, 0.04233, 0.02625, 0.01619, 0.00995,
		0.0061, 0.00541, 0.00871, 0.01395, 0.0222, 0.03494, 0.05418, 0.08208,
		0.11987, 0.16484, 0.20574, 0.22313, 0.20574, 0.16484, 0.11987, 0.08208,
		0.05418, 0.03494, 0.0222, 0.01395, 0.00871, 0.00541, 0.00458, 0.00727,
		0.01142, 0.01775, 0.02717, 0.0407, 0.05911, 0.08208, 0.10688, 0.12726,
		0.13534, 0.12726, 0.10688, 0.08208, 0.05911, 0.0407, 0.02717, 0.01775,
		0.01142, 0.00727, 0.00458, 0.00373, 0.00581, 0.00894, 0.01355, 0.02014,
		0.02914, 0.0407, 0.05418, 0.06771, 0.07812, 0.08208, 0.07812, 0.06771,
		0.05418, 0.0407, 0.02914, 0.02014, 0.01355, 0.00894, 0.00581, 0.00373,
		0.00294, 0.00448, 0.00674, 0.00995, 0.01437, 0.02014, 0.02717, 0.03494,
		0.04233, 0.04777, 0.04979, 0.04777, 0.04233, 0.03494, 0.02717, 0.02014,
		0.01437, 0.00995, 0.00674, 0.00448, 0.00294, 0.00224, 0.00334, 0.00492,
		0.00709, 0.00995, 0.01355, 0.01775, 0.0222, 0.02625, 0.02914, 0.0302,
		0.02914, 0.02625, 0.0222, 0.01775, 0.01355, 0.00995, 0.00709, 0.00492,
		0.00334, 0.00224, 0.00166, 0.00243, 0.00349, 0.00492, 0.00674, 0.00894,
		0.01142, 0.01395, 0.01619, 0.01775, 0.01832, 0.01775, 0.01619, 0.01395,
		0.01142, 0.00894, 0.00674, 0.00492, 0.00349, 0.00243, 0.00166, 0.0012,
		0.00172, 0.00243, 0.00334, 0.00448, 0.00581, 0.00727, 0.00871, 0.00995,
		0.01081, 0.01111, 0.01081, 0.00995, 0.00871, 0.00727, 0.00581, 0.00448,
		0.00334, 0.00243, 0.00172, 0.0012, 0.00085, 0.0012, 0.00166, 0.00224,
		0.00294, 0.00373, 0.00458, 0.00541, 0.0061, 0.00657, 0.00674, 0.00657,
		0.0061, 0.00541, 0.00458, 0.00373, 0.00294, 0.00224, 0.00166, 0.0012,
		0.00085,
	],
};

const data_resultados_1 = [
	{
		type: "lines",
		x: [
			0.008059958, 0.016119915, 0.03223983, 0.062277527, 0.078879991,
			0.107473265, 0.168512597,
		],
		y: [
			1.708610266, 1.687043936, 1.639099303, 1.55190175, 1.505339596,
			1.439068439, 1.352192685,
		],
		name: "Si",
		line: { shape: "spline", color: "#dc2c41" },
	},
	{
		type: "lines",
		x: [
			0.008059958, 0.016119915, 0.03223983, 0.062277527, 0.078879991,
			0.107473265, 0.168512597,
		],
		y: [
			1.708224011, 1.67788427, 1.640829469, 1.551334046, 1.504764992,
			1.438544474, 1.351713789,
		],
		name: "C",
		line: { shape: "spline", color: "black" },
	},
	{
		type: "lines",
		x: [
			0.008059958, 0.016119915, 0.03223983, 0.078879991, 0.107473265,
			0.168512597,
		],
		y: [
			1.708571976, 1.678256832, 1.641270946, 1.505255822, 1.441538145,
			1.358465777,
		],
		name: "Ge",
		line: { shape: "spline", color: "#8c8c8c" },
	},
	{
		mode: "lines",
		x: [0.008059958, 0.168512597],
		y: [1.775616523, 1.775616523],
		name: "Local",
		line: { shape: "spline", color: "gray", dash: "dash" },
	},
];

const data_resultados_2 = [
	{
		type: "lines",
		x: [
			0.008059958, 0.016119915, 0.03223983, 0.062277527, 0.078879991,
			0.107473265, 0.168512597, 0.253378104,
		],
		y: [
			1.708224011, 1.67788427, 1.640829469, 1.551334046, 1.504764992,
			1.438544474, 1.351713789, 1.308241897,
		],
		name: "No local",
		line: { shape: "spline", color: "#dc2c41" },
	},
	{
		mode: "lines",
		x: [
			0.008059958, 0.016119915, 0.03223983, 0.062277527, 0.078879991,
			0.107473265, 0.168512597, 0.253378104,
		],
		y: [
			1.775616523, 1.775616523, 1.775616523, 1.775616523, 1.775616523,
			1.775616523, 1.775616523, 1.775616523,
		],
		name: "Local",
		line: { shape: "spline", color: "black", dash: "dash" },
	},
	{
		type: "lines",
		x: [0.09397463, 0.118498943, 0.161627907, 0.253382664],
		y: [1.464757709, 1.416299559, 1.323788546, 1.015418502],
		name: "Ramirez (2006)",
		line: { shape: "spline", color: "#8c8c8c" },
	},
	{
		mode: "lines",
		x: [
			0.00001, 0.0001, 0.0005, 0.00075, 0.001, 0.01, 0.02, 0.03, 0.07,
			0.09, 0.15, 0.2,
		],
		y: [
			1.728727324, 1.728471896, 1.727336661, 1.726627138, 1.725917616,
			1.700374815, 1.671993925, 1.643613035, 1.530089474, 1.473327694,
			1.303042353, 1.161137902,
		],

		name: "Ajuste lineal",
		line: { shape: "spline", color: "#8c8c8c", dash: "dash" },
	},
];

const data_resultados_3 = [
	{
		type: "lines",
		x: [0.062277527, 0.078879991, 0.107473265, 0.168512597],
		y: [1.55190175, 1.505339596, 1.439068439, 1.352192685],
		name: "ℓ=2 Å",
		line: { shape: "spline", color: "#dc2c41" },
	},
	{
		type: "lines",
		x: [0.062277527, 0.078879991, 0.107473265, 0.168512597],
		y: [1.471950435, 1.421030072, 1.362028994, 1.305055885],
		name: "ℓ=3 Å ",
		line: { shape: "spline", color: "#8c8c8c" },
	},
	{
		type: "lines",
		x: [0.062277527, 0.078879991, 0.107473265, 0.168512597],
		y: [1.410222365, 1.365674254, 1.32144849, 1.285840477],
		name: "ℓ=4 Å",
		line: { shape: "spline", color: "black" },
	},
	{
		type: "lines",
		x: [0.062277527, 0.078879991, 0.107473265, 0.168512597],
		y: [1.367914698, 1.33206339, 1.299957905, 1.277516665],
		name: "ℓ=5 Å",
		line: { shape: "spline", color: "black" },
	},
	// {
	// 	mode: "lines",
	// 	x: [
	// 		0.008059958, 0.016119915, 0.03223983, 0.062277527, 0.078879991,
	// 		0.107473265, 0.168512597, 0.253378104,
	// 	],
	// 	y: [
	// 		1.775616523, 1.775616523, 1.775616523, 1.775616523, 1.775616523,
	// 		1.775616523, 1.775616523, 1.775616523,
	// 	],
	// 	name: "Local",
	// 	line: { shape: "spline", color: "black", dash: "dash" },
	// },
];

const data_resultados_4 = data_resultados_3.map((obj) => {
	let n = parseFloat(obj["name"].split("=")[1].split(" ")[0]);
	return {
		...obj,
		type: "lines",
		x: obj["x"].map((x) => {
			return x * n;
		}),
		y: obj["y"],
	};
});
// {
// 	mode: "lines",
// 	x: [
// 		0.008059958, 0.016119915, 0.03223983, 0.062277527, 0.078879991,
// 		0.107473265, 0.168512597, 0.253378104,
// 	],
// 	y: [
// 		1.775616523, 1.775616523, 1.775616523, 1.775616523, 1.775616523,
// 		1.775616523, 1.775616523, 1.775616523,
// 	],
// 	name: "Local",
// 	line: { shape: "spline", color: "black", dash: "dash" },
// },

atenu1_div.map((x) =>
	Plotly.newPlot(x, [data_atenua_1], plots_layout, plots_config)
);

resultados_1.map((x) =>
	Plotly.newPlot(
		x,
		data_resultados_1,
		{
			xaxis: {
				title: "1/R",
				gridcolor: "#dcdcdc",
				zerolinecolor: "#dcdcdc",
			},
			yaxis: {
				title: "η",
				gridcolor: "#dcdcdc",
				zerolinecolor: "#dcdcdc",
			},
			legend: {
				x: 0.02,
				y: 0.15,
				orientation: "h",
				xanchor: "left",
				borderwidth: 2,
				bordercolor: "lightgray",
			},
			font: { size: 20 },
			margin: { t: 0 },
		},
		plots_config
	)
);

resultados_2.map((x) =>
	Plotly.newPlot(
		x,
		data_resultados_2,
		{
			xaxis: {
				title: "1/R",
				gridcolor: "#dcdcdc",
				zerolinecolor: "#dcdcdc",
				tickvals: [
					0.008059958, 0.016119915, 0.03223983, 0.062277527,
					0.078879991, 0.107473265, 0.168512597, 0.253378104,
				],
				ticktext: [
					"1/62ℓ",
					"1/31ℓ",
					"1/16ℓ",
					"1/8ℓ",
					"1/6ℓ",
					"1/5ℓ",
					"1/3ℓ",
					"1/2ℓ",
				],
				tickangle: 90,
			},
			yaxis: {
				title: "η",
				gridcolor: "#dcdcdc",
				zerolinecolor: "#dcdcdc",
			},
			legend: {
				x: 0.05,
				y: 0.21,
				orientation: "h",
				xanchor: "left",
				borderwidth: 2,
				bordercolor: "lightgray",
				font: { size: 15 },
			},
			font: { size: 20 },
			margin: { t: 0 },
			annotations: [
				{
					x: 0.008059958,
					y: 1.708224011,
					xref: "x",
					yref: "y",
					text: "Δ=3.80%",
					showarrow: true,
					arrowhead: 3,
					ax: 30,
					ay: 70,
				},
				{
					x: 0.016119915,
					y: 1.67788427,
					xref: "x",
					yref: "y",
					text: "Δ=5.50%",
					showarrow: true,
					arrowhead: 3,
					ax: 120,
					ay: -20,
				},
			],
		},
		plots_config
	)
);

resultados_3.map((x) =>
	Plotly.newPlot(
		x,
		data_resultados_3,
		{
			xaxis: {
				title: "1/R",
				gridcolor: "#dcdcdc",
				zerolinecolor: "#dcdcdc",
			},
			yaxis: {
				title: "η",
				gridcolor: "#dcdcdc",
				zerolinecolor: "#dcdcdc",
			},
			legend: {
				x: 1 - 0.15,
				y: 0.9,
				orientation: "v",
				xanchor: "left",
				borderwidth: 2,
				bordercolor: "lightgray",
				font: { size: 15 },
			},
			font: { size: 20 },
			margin: { t: 0 },
		},
		plots_config
	)
);

const activador = document.getElementById("activador");
Reveal.on("fragmentshown", (event) => {
	if (event["fragment"] === activador) {
		animacion_l();
	}
});
Reveal.on("fragmenthidden", (event) => {
	// event.fragment = the fragment DOM element
	// console.log(event);
});

function updateGraphs() {
	return new Promise((resolve) => {
		atenu1_div.map((x) => Plotly.update(x));
		resolve("resolved");
	});
}

function update_resultado_1() {
	return new Promise((resolve) => {
		resultados_1.map((x) => Plotly.update(x));
		resolve("resolved");
	});
}

function update_resultado_2() {
	return new Promise((resolve) => {
		resultados_2.map((x) => Plotly.update(x));
		resolve("resolved");
	});
}

function update_resultado_3() {
	return new Promise((resolve) => {
		resultados_3.map((x) => Plotly.update(x));
		resolve("resolved");
	});
}

Reveal.on("graficas-pesadas", () => {
	updateGraphs();
});

Reveal.on("graficas-resultados-1", () => {
	update_resultado_1();
});

Reveal.on("graficas-pesadas-res-2", () => {
	update_resultado_2();
});
Reveal.on("graficas-pesadas-res-3", () => {
	update_resultado_3();
});

Reveal.on("graficas-pesadas-res-3", () => {
	update_resultado_3();
});

Reveal.on("graficas-pesadas-res-4", () => {
	update_resultado_3();
});

function toogleNotes() {
	notes = !notes;
	Reveal.configure({ showNotes: notes });
}
function simulateKey(keyCode) {
	document.dispatchEvent(
		new KeyboardEvent("keydown", {
			keyCode: keyCode,
		})
	);
}

function animacion_l() {
	Plotly.animate(
		resultados_3[1],
		{
			layout: {
				yaxis: { range: [1.2, 1.6] },
				xaxis: { range: [0, 0.9] },
			},
		},
		{
			transition: {
				duration: 500,
				easing: "cubic-in-out",
			},
			frame: {
				duration: 1000,
			},
		}
	);
	sleep(300).then(() => {
		Plotly.animate(
			resultados_3[1],
			{
				data: data_resultados_4,
				layout: {
					xaxis: { title: "ℓ/R" },
				},
			},
			{
				transition: {
					duration: 500,
					easing: "cubic-in-out",
				},
				frame: {
					duration: 1000,
				},
			}
		);
	});
}
function sleep(time) {
	return new Promise((resolve) => setTimeout(resolve, time));
}
