const config = {
	history: true,
	katex: {
		version: "latest",
		delimiters: [
			{ left: "$$", right: "$$", display: true },
			{ left: "$", right: "$", display: false },
			{ left: "\\(", right: "\\)", display: false },
			{ left: "\\[", right: "\\]", display: true },
		],
		ignoredTags: ["script", "noscript", "style", "textarea", "pre"],
	},
	// showNotes: true,
	slideNumber: "c/t",
	transition: "fade",
	viewDistance: 50,
	plugins: [RevealMath.KaTeX, RevealNotes, RevealZoom],
};
Reveal.initialize(config);
// Reveal.configure({ pdfMaxPagesPerSlide: 1, showNotes: true });

const plots_config = { responsive: true, displayModeBar: false };
const plots_layout = {
	margin: { autoexpand: false, b: 0, l: 0, pad: 0, r: 0, t: 0 },
};

const atenu1_div = document.getElementById("atenuacion1");
const atenu2_div = document.getElementById("atenuacion2");
const atenu3_div = document.getElementById("atenuacion3");

const atenu4_div = document.getElementById("atenuacion4");
const atenu5_div = document.getElementById("atenuacion5");
const atenu6_div = document.getElementById("atenuacion6");

const atenu2d = document.getElementById("grafica-atenuacion-2d");

const resultados_1 = document.getElementById("grafica_res_1");

const cmap = [
	["0.0", "#f3f3f3)"],
	["1.0", "#dc2c41"],
];

const data_atenua_1 = {
	type: "mesh3d",
	colorscale: cmap,
	x: [
		-5.0, -4.5, -4.0, -3.5, -3.0, -2.5, -2.0, -1.5, -1.0, -0.5, 0.0, 0.5,
		1.0, 1.5, 2.0, 2.5, 3.0, 3.5, 4.0, 4.5, 5.0, -5.0, -4.5, -4.0, -3.5,
		-3.0, -2.5, -2.0, -1.5, -1.0, -0.5, 0.0, 0.5, 1.0, 1.5, 2.0, 2.5, 3.0,
		3.5, 4.0, 4.5, 5.0, -5.0, -4.5, -4.0, -3.5, -3.0, -2.5, -2.0, -1.5,
		-1.0, -0.5, 0.0, 0.5, 1.0, 1.5, 2.0, 2.5, 3.0, 3.5, 4.0, 4.5, 5.0, -5.0,
		-4.5, -4.0, -3.5, -3.0, -2.5, -2.0, -1.5, -1.0, -0.5, 0.0, 0.5, 1.0,
		1.5, 2.0, 2.5, 3.0, 3.5, 4.0, 4.5, 5.0, -5.0, -4.5, -4.0, -3.5, -3.0,
		-2.5, -2.0, -1.5, -1.0, -0.5, 0.0, 0.5, 1.0, 1.5, 2.0, 2.5, 3.0, 3.5,
		4.0, 4.5, 5.0, -5.0, -4.5, -4.0, -3.5, -3.0, -2.5, -2.0, -1.5, -1.0,
		-0.5, 0.0, 0.5, 1.0, 1.5, 2.0, 2.5, 3.0, 3.5, 4.0, 4.5, 5.0, -5.0, -4.5,
		-4.0, -3.5, -3.0, -2.5, -2.0, -1.5, -1.0, -0.5, 0.0, 0.5, 1.0, 1.5, 2.0,
		2.5, 3.0, 3.5, 4.0, 4.5, 5.0, -5.0, -4.5, -4.0, -3.5, -3.0, -2.5, -2.0,
		-1.5, -1.0, -0.5, 0.0, 0.5, 1.0, 1.5, 2.0, 2.5, 3.0, 3.5, 4.0, 4.5, 5.0,
		-5.0, -4.5, -4.0, -3.5, -3.0, -2.5, -2.0, -1.5, -1.0, -0.5, 0.0, 0.5,
		1.0, 1.5, 2.0, 2.5, 3.0, 3.5, 4.0, 4.5, 5.0, -5.0, -4.5, -4.0, -3.5,
		-3.0, -2.5, -2.0, -1.5, -1.0, -0.5, 0.0, 0.5, 1.0, 1.5, 2.0, 2.5, 3.0,
		3.5, 4.0, 4.5, 5.0, -5.0, -4.5, -4.0, -3.5, -3.0, -2.5, -2.0, -1.5,
		-1.0, -0.5, 0.0, 0.5, 1.0, 1.5, 2.0, 2.5, 3.0, 3.5, 4.0, 4.5, 5.0, -5.0,
		-4.5, -4.0, -3.5, -3.0, -2.5, -2.0, -1.5, -1.0, -0.5, 0.0, 0.5, 1.0,
		1.5, 2.0, 2.5, 3.0, 3.5, 4.0, 4.5, 5.0, -5.0, -4.5, -4.0, -3.5, -3.0,
		-2.5, -2.0, -1.5, -1.0, -0.5, 0.0, 0.5, 1.0, 1.5, 2.0, 2.5, 3.0, 3.5,
		4.0, 4.5, 5.0, -5.0, -4.5, -4.0, -3.5, -3.0, -2.5, -2.0, -1.5, -1.0,
		-0.5, 0.0, 0.5, 1.0, 1.5, 2.0, 2.5, 3.0, 3.5, 4.0, 4.5, 5.0, -5.0, -4.5,
		-4.0, -3.5, -3.0, -2.5, -2.0, -1.5, -1.0, -0.5, 0.0, 0.5, 1.0, 1.5, 2.0,
		2.5, 3.0, 3.5, 4.0, 4.5, 5.0, -5.0, -4.5, -4.0, -3.5, -3.0, -2.5, -2.0,
		-1.5, -1.0, -0.5, 0.0, 0.5, 1.0, 1.5, 2.0, 2.5, 3.0, 3.5, 4.0, 4.5, 5.0,
		-5.0, -4.5, -4.0, -3.5, -3.0, -2.5, -2.0, -1.5, -1.0, -0.5, 0.0, 0.5,
		1.0, 1.5, 2.0, 2.5, 3.0, 3.5, 4.0, 4.5, 5.0, -5.0, -4.5, -4.0, -3.5,
		-3.0, -2.5, -2.0, -1.5, -1.0, -0.5, 0.0, 0.5, 1.0, 1.5, 2.0, 2.5, 3.0,
		3.5, 4.0, 4.5, 5.0, -5.0, -4.5, -4.0, -3.5, -3.0, -2.5, -2.0, -1.5,
		-1.0, -0.5, 0.0, 0.5, 1.0, 1.5, 2.0, 2.5, 3.0, 3.5, 4.0, 4.5, 5.0, -5.0,
		-4.5, -4.0, -3.5, -3.0, -2.5, -2.0, -1.5, -1.0, -0.5, 0.0, 0.5, 1.0,
		1.5, 2.0, 2.5, 3.0, 3.5, 4.0, 4.5, 5.0, -5.0, -4.5, -4.0, -3.5, -3.0,
		-2.5, -2.0, -1.5, -1.0, -0.5, 0.0, 0.5, 1.0, 1.5, 2.0, 2.5, 3.0, 3.5,
		4.0, 4.5, 5.0,
	],
	y: [
		-5.0, -5.0, -5.0, -5.0, -5.0, -5.0, -5.0, -5.0, -5.0, -5.0, -5.0, -5.0,
		-5.0, -5.0, -5.0, -5.0, -5.0, -5.0, -5.0, -5.0, -5.0, -4.5, -4.5, -4.5,
		-4.5, -4.5, -4.5, -4.5, -4.5, -4.5, -4.5, -4.5, -4.5, -4.5, -4.5, -4.5,
		-4.5, -4.5, -4.5, -4.5, -4.5, -4.5, -4.0, -4.0, -4.0, -4.0, -4.0, -4.0,
		-4.0, -4.0, -4.0, -4.0, -4.0, -4.0, -4.0, -4.0, -4.0, -4.0, -4.0, -4.0,
		-4.0, -4.0, -4.0, -3.5, -3.5, -3.5, -3.5, -3.5, -3.5, -3.5, -3.5, -3.5,
		-3.5, -3.5, -3.5, -3.5, -3.5, -3.5, -3.5, -3.5, -3.5, -3.5, -3.5, -3.5,
		-3.0, -3.0, -3.0, -3.0, -3.0, -3.0, -3.0, -3.0, -3.0, -3.0, -3.0, -3.0,
		-3.0, -3.0, -3.0, -3.0, -3.0, -3.0, -3.0, -3.0, -3.0, -2.5, -2.5, -2.5,
		-2.5, -2.5, -2.5, -2.5, -2.5, -2.5, -2.5, -2.5, -2.5, -2.5, -2.5, -2.5,
		-2.5, -2.5, -2.5, -2.5, -2.5, -2.5, -2.0, -2.0, -2.0, -2.0, -2.0, -2.0,
		-2.0, -2.0, -2.0, -2.0, -2.0, -2.0, -2.0, -2.0, -2.0, -2.0, -2.0, -2.0,
		-2.0, -2.0, -2.0, -1.5, -1.5, -1.5, -1.5, -1.5, -1.5, -1.5, -1.5, -1.5,
		-1.5, -1.5, -1.5, -1.5, -1.5, -1.5, -1.5, -1.5, -1.5, -1.5, -1.5, -1.5,
		-1.0, -1.0, -1.0, -1.0, -1.0, -1.0, -1.0, -1.0, -1.0, -1.0, -1.0, -1.0,
		-1.0, -1.0, -1.0, -1.0, -1.0, -1.0, -1.0, -1.0, -1.0, -0.5, -0.5, -0.5,
		-0.5, -0.5, -0.5, -0.5, -0.5, -0.5, -0.5, -0.5, -0.5, -0.5, -0.5, -0.5,
		-0.5, -0.5, -0.5, -0.5, -0.5, -0.5, 0.0, 0.0, 0.0, 0.0, 0.0, 0.0, 0.0,
		0.0, 0.0, 0.0, 0.0, 0.0, 0.0, 0.0, 0.0, 0.0, 0.0, 0.0, 0.0, 0.0, 0.0,
		0.5, 0.5, 0.5, 0.5, 0.5, 0.5, 0.5, 0.5, 0.5, 0.5, 0.5, 0.5, 0.5, 0.5,
		0.5, 0.5, 0.5, 0.5, 0.5, 0.5, 0.5, 1.0, 1.0, 1.0, 1.0, 1.0, 1.0, 1.0,
		1.0, 1.0, 1.0, 1.0, 1.0, 1.0, 1.0, 1.0, 1.0, 1.0, 1.0, 1.0, 1.0, 1.0,
		1.5, 1.5, 1.5, 1.5, 1.5, 1.5, 1.5, 1.5, 1.5, 1.5, 1.5, 1.5, 1.5, 1.5,
		1.5, 1.5, 1.5, 1.5, 1.5, 1.5, 1.5, 2.0, 2.0, 2.0, 2.0, 2.0, 2.0, 2.0,
		2.0, 2.0, 2.0, 2.0, 2.0, 2.0, 2.0, 2.0, 2.0, 2.0, 2.0, 2.0, 2.0, 2.0,
		2.5, 2.5, 2.5, 2.5, 2.5, 2.5, 2.5, 2.5, 2.5, 2.5, 2.5, 2.5, 2.5, 2.5,
		2.5, 2.5, 2.5, 2.5, 2.5, 2.5, 2.5, 3.0, 3.0, 3.0, 3.0, 3.0, 3.0, 3.0,
		3.0, 3.0, 3.0, 3.0, 3.0, 3.0, 3.0, 3.0, 3.0, 3.0, 3.0, 3.0, 3.0, 3.0,
		3.5, 3.5, 3.5, 3.5, 3.5, 3.5, 3.5, 3.5, 3.5, 3.5, 3.5, 3.5, 3.5, 3.5,
		3.5, 3.5, 3.5, 3.5, 3.5, 3.5, 3.5, 4.0, 4.0, 4.0, 4.0, 4.0, 4.0, 4.0,
		4.0, 4.0, 4.0, 4.0, 4.0, 4.0, 4.0, 4.0, 4.0, 4.0, 4.0, 4.0, 4.0, 4.0,
		4.5, 4.5, 4.5, 4.5, 4.5, 4.5, 4.5, 4.5, 4.5, 4.5, 4.5, 4.5, 4.5, 4.5,
		4.5, 4.5, 4.5, 4.5, 4.5, 4.5, 4.5, 5.0, 5.0, 5.0, 5.0, 5.0, 5.0, 5.0,
		5.0, 5.0, 5.0, 5.0, 5.0, 5.0, 5.0, 5.0, 5.0, 5.0, 5.0, 5.0, 5.0, 5.0,
	],
	z: [
		0.00085, 0.0012, 0.00166, 0.00224, 0.00294, 0.00373, 0.00458, 0.00541,
		0.0061, 0.00657, 0.00674, 0.00657, 0.0061, 0.00541, 0.00458, 0.00373,
		0.00294, 0.00224, 0.00166, 0.0012, 0.00085, 0.0012, 0.00172, 0.00243,
		0.00334, 0.00448, 0.00581, 0.00727, 0.00871, 0.00995, 0.01081, 0.01111,
		0.01081, 0.00995, 0.00871, 0.00727, 0.00581, 0.00448, 0.00334, 0.00243,
		0.00172, 0.0012, 0.00166, 0.00243, 0.00349, 0.00492, 0.00674, 0.00894,
		0.01142, 0.01395, 0.01619, 0.01775, 0.01832, 0.01775, 0.01619, 0.01395,
		0.01142, 0.00894, 0.00674, 0.00492, 0.00349, 0.00243, 0.00166, 0.00224,
		0.00334, 0.00492, 0.00709, 0.00995, 0.01355, 0.01775, 0.0222, 0.02625,
		0.02914, 0.0302, 0.02914, 0.02625, 0.0222, 0.01775, 0.01355, 0.00995,
		0.00709, 0.00492, 0.00334, 0.00224, 0.00294, 0.00448, 0.00674, 0.00995,
		0.01437, 0.02014, 0.02717, 0.03494, 0.04233, 0.04777, 0.04979, 0.04777,
		0.04233, 0.03494, 0.02717, 0.02014, 0.01437, 0.00995, 0.00674, 0.00448,
		0.00294, 0.00373, 0.00581, 0.00894, 0.01355, 0.02014, 0.02914, 0.0407,
		0.05418, 0.06771, 0.07812, 0.08208, 0.07812, 0.06771, 0.05418, 0.0407,
		0.02914, 0.02014, 0.01355, 0.00894, 0.00581, 0.00373, 0.00458, 0.00727,
		0.01142, 0.01775, 0.02717, 0.0407, 0.05911, 0.08208, 0.10688, 0.12726,
		0.13534, 0.12726, 0.10688, 0.08208, 0.05911, 0.0407, 0.02717, 0.01775,
		0.01142, 0.00727, 0.00458, 0.00541, 0.00871, 0.01395, 0.0222, 0.03494,
		0.05418, 0.08208, 0.11987, 0.16484, 0.20574, 0.22313, 0.20574, 0.16484,
		0.11987, 0.08208, 0.05418, 0.03494, 0.0222, 0.01395, 0.00871, 0.00541,
		0.0061, 0.00995, 0.01619, 0.02625, 0.04233, 0.06771, 0.10688, 0.16484,
		0.24312, 0.32692, 0.36788, 0.32692, 0.24312, 0.16484, 0.10688, 0.06771,
		0.04233, 0.02625, 0.01619, 0.00995, 0.0061, 0.00657, 0.01081, 0.01775,
		0.02914, 0.04777, 0.07812, 0.12726, 0.20574, 0.32692, 0.49307, 0.60653,
		0.49307, 0.32692, 0.20574, 0.12726, 0.07812, 0.04777, 0.02914, 0.01775,
		0.01081, 0.00657, 0.00674, 0.01111, 0.01832, 0.0302, 0.04979, 0.08208,
		0.13534, 0.22313, 0.36788, 0.60653, 1.0, 0.60653, 0.36788, 0.22313,
		0.13534, 0.08208, 0.04979, 0.0302, 0.01832, 0.01111, 0.00674, 0.00657,
		0.01081, 0.01775, 0.02914, 0.04777, 0.07812, 0.12726, 0.20574, 0.32692,
		0.49307, 0.60653, 0.49307, 0.32692, 0.20574, 0.12726, 0.07812, 0.04777,
		0.02914, 0.01775, 0.01081, 0.00657, 0.0061, 0.00995, 0.01619, 0.02625,
		0.04233, 0.06771, 0.10688, 0.16484, 0.24312, 0.32692, 0.36788, 0.32692,
		0.24312, 0.16484, 0.10688, 0.06771, 0.04233, 0.02625, 0.01619, 0.00995,
		0.0061, 0.00541, 0.00871, 0.01395, 0.0222, 0.03494, 0.05418, 0.08208,
		0.11987, 0.16484, 0.20574, 0.22313, 0.20574, 0.16484, 0.11987, 0.08208,
		0.05418, 0.03494, 0.0222, 0.01395, 0.00871, 0.00541, 0.00458, 0.00727,
		0.01142, 0.01775, 0.02717, 0.0407, 0.05911, 0.08208, 0.10688, 0.12726,
		0.13534, 0.12726, 0.10688, 0.08208, 0.05911, 0.0407, 0.02717, 0.01775,
		0.01142, 0.00727, 0.00458, 0.00373, 0.00581, 0.00894, 0.01355, 0.02014,
		0.02914, 0.0407, 0.05418, 0.06771, 0.07812, 0.08208, 0.07812, 0.06771,
		0.05418, 0.0407, 0.02914, 0.02014, 0.01355, 0.00894, 0.00581, 0.00373,
		0.00294, 0.00448, 0.00674, 0.00995, 0.01437, 0.02014, 0.02717, 0.03494,
		0.04233, 0.04777, 0.04979, 0.04777, 0.04233, 0.03494, 0.02717, 0.02014,
		0.01437, 0.00995, 0.00674, 0.00448, 0.00294, 0.00224, 0.00334, 0.00492,
		0.00709, 0.00995, 0.01355, 0.01775, 0.0222, 0.02625, 0.02914, 0.0302,
		0.02914, 0.02625, 0.0222, 0.01775, 0.01355, 0.00995, 0.00709, 0.00492,
		0.00334, 0.00224, 0.00166, 0.00243, 0.00349, 0.00492, 0.00674, 0.00894,
		0.01142, 0.01395, 0.01619, 0.01775, 0.01832, 0.01775, 0.01619, 0.01395,
		0.01142, 0.00894, 0.00674, 0.00492, 0.00349, 0.00243, 0.00166, 0.0012,
		0.00172, 0.00243, 0.00334, 0.00448, 0.00581, 0.00727, 0.00871, 0.00995,
		0.01081, 0.01111, 0.01081, 0.00995, 0.00871, 0.00727, 0.00581, 0.00448,
		0.00334, 0.00243, 0.00172, 0.0012, 0.00085, 0.0012, 0.00166, 0.00224,
		0.00294, 0.00373, 0.00458, 0.00541, 0.0061, 0.00657, 0.00674, 0.00657,
		0.0061, 0.00541, 0.00458, 0.00373, 0.00294, 0.00224, 0.00166, 0.0012,
		0.00085,
	],
	intensity: [
		0.00085, 0.0012, 0.00166, 0.00224, 0.00294, 0.00373, 0.00458, 0.00541,
		0.0061, 0.00657, 0.00674, 0.00657, 0.0061, 0.00541, 0.00458, 0.00373,
		0.00294, 0.00224, 0.00166, 0.0012, 0.00085, 0.0012, 0.00172, 0.00243,
		0.00334, 0.00448, 0.00581, 0.00727, 0.00871, 0.00995, 0.01081, 0.01111,
		0.01081, 0.00995, 0.00871, 0.00727, 0.00581, 0.00448, 0.00334, 0.00243,
		0.00172, 0.0012, 0.00166, 0.00243, 0.00349, 0.00492, 0.00674, 0.00894,
		0.01142, 0.01395, 0.01619, 0.01775, 0.01832, 0.01775, 0.01619, 0.01395,
		0.01142, 0.00894, 0.00674, 0.00492, 0.00349, 0.00243, 0.00166, 0.00224,
		0.00334, 0.00492, 0.00709, 0.00995, 0.01355, 0.01775, 0.0222, 0.02625,
		0.02914, 0.0302, 0.02914, 0.02625, 0.0222, 0.01775, 0.01355, 0.00995,
		0.00709, 0.00492, 0.00334, 0.00224, 0.00294, 0.00448, 0.00674, 0.00995,
		0.01437, 0.02014, 0.02717, 0.03494, 0.04233, 0.04777, 0.04979, 0.04777,
		0.04233, 0.03494, 0.02717, 0.02014, 0.01437, 0.00995, 0.00674, 0.00448,
		0.00294, 0.00373, 0.00581, 0.00894, 0.01355, 0.02014, 0.02914, 0.0407,
		0.05418, 0.06771, 0.07812, 0.08208, 0.07812, 0.06771, 0.05418, 0.0407,
		0.02914, 0.02014, 0.01355, 0.00894, 0.00581, 0.00373, 0.00458, 0.00727,
		0.01142, 0.01775, 0.02717, 0.0407, 0.05911, 0.08208, 0.10688, 0.12726,
		0.13534, 0.12726, 0.10688, 0.08208, 0.05911, 0.0407, 0.02717, 0.01775,
		0.01142, 0.00727, 0.00458, 0.00541, 0.00871, 0.01395, 0.0222, 0.03494,
		0.05418, 0.08208, 0.11987, 0.16484, 0.20574, 0.22313, 0.20574, 0.16484,
		0.11987, 0.08208, 0.05418, 0.03494, 0.0222, 0.01395, 0.00871, 0.00541,
		0.0061, 0.00995, 0.01619, 0.02625, 0.04233, 0.06771, 0.10688, 0.16484,
		0.24312, 0.32692, 0.36788, 0.32692, 0.24312, 0.16484, 0.10688, 0.06771,
		0.04233, 0.02625, 0.01619, 0.00995, 0.0061, 0.00657, 0.01081, 0.01775,
		0.02914, 0.04777, 0.07812, 0.12726, 0.20574, 0.32692, 0.49307, 0.60653,
		0.49307, 0.32692, 0.20574, 0.12726, 0.07812, 0.04777, 0.02914, 0.01775,
		0.01081, 0.00657, 0.00674, 0.01111, 0.01832, 0.0302, 0.04979, 0.08208,
		0.13534, 0.22313, 0.36788, 0.60653, 1.0, 0.60653, 0.36788, 0.22313,
		0.13534, 0.08208, 0.04979, 0.0302, 0.01832, 0.01111, 0.00674, 0.00657,
		0.01081, 0.01775, 0.02914, 0.04777, 0.07812, 0.12726, 0.20574, 0.32692,
		0.49307, 0.60653, 0.49307, 0.32692, 0.20574, 0.12726, 0.07812, 0.04777,
		0.02914, 0.01775, 0.01081, 0.00657, 0.0061, 0.00995, 0.01619, 0.02625,
		0.04233, 0.06771, 0.10688, 0.16484, 0.24312, 0.32692, 0.36788, 0.32692,
		0.24312, 0.16484, 0.10688, 0.06771, 0.04233, 0.02625, 0.01619, 0.00995,
		0.0061, 0.00541, 0.00871, 0.01395, 0.0222, 0.03494, 0.05418, 0.08208,
		0.11987, 0.16484, 0.20574, 0.22313, 0.20574, 0.16484, 0.11987, 0.08208,
		0.05418, 0.03494, 0.0222, 0.01395, 0.00871, 0.00541, 0.00458, 0.00727,
		0.01142, 0.01775, 0.02717, 0.0407, 0.05911, 0.08208, 0.10688, 0.12726,
		0.13534, 0.12726, 0.10688, 0.08208, 0.05911, 0.0407, 0.02717, 0.01775,
		0.01142, 0.00727, 0.00458, 0.00373, 0.00581, 0.00894, 0.01355, 0.02014,
		0.02914, 0.0407, 0.05418, 0.06771, 0.07812, 0.08208, 0.07812, 0.06771,
		0.05418, 0.0407, 0.02914, 0.02014, 0.01355, 0.00894, 0.00581, 0.00373,
		0.00294, 0.00448, 0.00674, 0.00995, 0.01437, 0.02014, 0.02717, 0.03494,
		0.04233, 0.04777, 0.04979, 0.04777, 0.04233, 0.03494, 0.02717, 0.02014,
		0.01437, 0.00995, 0.00674, 0.00448, 0.00294, 0.00224, 0.00334, 0.00492,
		0.00709, 0.00995, 0.01355, 0.01775, 0.0222, 0.02625, 0.02914, 0.0302,
		0.02914, 0.02625, 0.0222, 0.01775, 0.01355, 0.00995, 0.00709, 0.00492,
		0.00334, 0.00224, 0.00166, 0.00243, 0.00349, 0.00492, 0.00674, 0.00894,
		0.01142, 0.01395, 0.01619, 0.01775, 0.01832, 0.01775, 0.01619, 0.01395,
		0.01142, 0.00894, 0.00674, 0.00492, 0.00349, 0.00243, 0.00166, 0.0012,
		0.00172, 0.00243, 0.00334, 0.00448, 0.00581, 0.00727, 0.00871, 0.00995,
		0.01081, 0.01111, 0.01081, 0.00995, 0.00871, 0.00727, 0.00581, 0.00448,
		0.00334, 0.00243, 0.00172, 0.0012, 0.00085, 0.0012, 0.00166, 0.00224,
		0.00294, 0.00373, 0.00458, 0.00541, 0.0061, 0.00657, 0.00674, 0.00657,
		0.0061, 0.00541, 0.00458, 0.00373, 0.00294, 0.00224, 0.00166, 0.0012,
		0.00085,
	],
};

const data_atenua_2 = {
	type: "mesh3d",
	colorscale: cmap,
	x: [
		-5.0, -4.5, -4.0, -3.5, -3.0, -2.5, -2.0, -1.5, -1.0, -0.5, 0.0, 0.5,
		1.0, 1.5, 2.0, 2.5, 3.0, 3.5, 4.0, 4.5, 5.0, -5.0, -4.5, -4.0, -3.5,
		-3.0, -2.5, -2.0, -1.5, -1.0, -0.5, 0.0, 0.5, 1.0, 1.5, 2.0, 2.5, 3.0,
		3.5, 4.0, 4.5, 5.0, -5.0, -4.5, -4.0, -3.5, -3.0, -2.5, -2.0, -1.5,
		-1.0, -0.5, 0.0, 0.5, 1.0, 1.5, 2.0, 2.5, 3.0, 3.5, 4.0, 4.5, 5.0, -5.0,
		-4.5, -4.0, -3.5, -3.0, -2.5, -2.0, -1.5, -1.0, -0.5, 0.0, 0.5, 1.0,
		1.5, 2.0, 2.5, 3.0, 3.5, 4.0, 4.5, 5.0, -5.0, -4.5, -4.0, -3.5, -3.0,
		-2.5, -2.0, -1.5, -1.0, -0.5, 0.0, 0.5, 1.0, 1.5, 2.0, 2.5, 3.0, 3.5,
		4.0, 4.5, 5.0, -5.0, -4.5, -4.0, -3.5, -3.0, -2.5, -2.0, -1.5, -1.0,
		-0.5, 0.0, 0.5, 1.0, 1.5, 2.0, 2.5, 3.0, 3.5, 4.0, 4.5, 5.0, -5.0, -4.5,
		-4.0, -3.5, -3.0, -2.5, -2.0, -1.5, -1.0, -0.5, 0.0, 0.5, 1.0, 1.5, 2.0,
		2.5, 3.0, 3.5, 4.0, 4.5, 5.0, -5.0, -4.5, -4.0, -3.5, -3.0, -2.5, -2.0,
		-1.5, -1.0, -0.5, 0.0, 0.5, 1.0, 1.5, 2.0, 2.5, 3.0, 3.5, 4.0, 4.5, 5.0,
		-5.0, -4.5, -4.0, -3.5, -3.0, -2.5, -2.0, -1.5, -1.0, -0.5, 0.0, 0.5,
		1.0, 1.5, 2.0, 2.5, 3.0, 3.5, 4.0, 4.5, 5.0, -5.0, -4.5, -4.0, -3.5,
		-3.0, -2.5, -2.0, -1.5, -1.0, -0.5, 0.0, 0.5, 1.0, 1.5, 2.0, 2.5, 3.0,
		3.5, 4.0, 4.5, 5.0, -5.0, -4.5, -4.0, -3.5, -3.0, -2.5, -2.0, -1.5,
		-1.0, -0.5, 0.0, 0.5, 1.0, 1.5, 2.0, 2.5, 3.0, 3.5, 4.0, 4.5, 5.0, -5.0,
		-4.5, -4.0, -3.5, -3.0, -2.5, -2.0, -1.5, -1.0, -0.5, 0.0, 0.5, 1.0,
		1.5, 2.0, 2.5, 3.0, 3.5, 4.0, 4.5, 5.0, -5.0, -4.5, -4.0, -3.5, -3.0,
		-2.5, -2.0, -1.5, -1.0, -0.5, 0.0, 0.5, 1.0, 1.5, 2.0, 2.5, 3.0, 3.5,
		4.0, 4.5, 5.0, -5.0, -4.5, -4.0, -3.5, -3.0, -2.5, -2.0, -1.5, -1.0,
		-0.5, 0.0, 0.5, 1.0, 1.5, 2.0, 2.5, 3.0, 3.5, 4.0, 4.5, 5.0, -5.0, -4.5,
		-4.0, -3.5, -3.0, -2.5, -2.0, -1.5, -1.0, -0.5, 0.0, 0.5, 1.0, 1.5, 2.0,
		2.5, 3.0, 3.5, 4.0, 4.5, 5.0, -5.0, -4.5, -4.0, -3.5, -3.0, -2.5, -2.0,
		-1.5, -1.0, -0.5, 0.0, 0.5, 1.0, 1.5, 2.0, 2.5, 3.0, 3.5, 4.0, 4.5, 5.0,
		-5.0, -4.5, -4.0, -3.5, -3.0, -2.5, -2.0, -1.5, -1.0, -0.5, 0.0, 0.5,
		1.0, 1.5, 2.0, 2.5, 3.0, 3.5, 4.0, 4.5, 5.0, -5.0, -4.5, -4.0, -3.5,
		-3.0, -2.5, -2.0, -1.5, -1.0, -0.5, 0.0, 0.5, 1.0, 1.5, 2.0, 2.5, 3.0,
		3.5, 4.0, 4.5, 5.0, -5.0, -4.5, -4.0, -3.5, -3.0, -2.5, -2.0, -1.5,
		-1.0, -0.5, 0.0, 0.5, 1.0, 1.5, 2.0, 2.5, 3.0, 3.5, 4.0, 4.5, 5.0, -5.0,
		-4.5, -4.0, -3.5, -3.0, -2.5, -2.0, -1.5, -1.0, -0.5, 0.0, 0.5, 1.0,
		1.5, 2.0, 2.5, 3.0, 3.5, 4.0, 4.5, 5.0, -5.0, -4.5, -4.0, -3.5, -3.0,
		-2.5, -2.0, -1.5, -1.0, -0.5, 0.0, 0.5, 1.0, 1.5, 2.0, 2.5, 3.0, 3.5,
		4.0, 4.5, 5.0,
	],
	y: [
		-5.0, -5.0, -5.0, -5.0, -5.0, -5.0, -5.0, -5.0, -5.0, -5.0, -5.0, -5.0,
		-5.0, -5.0, -5.0, -5.0, -5.0, -5.0, -5.0, -5.0, -5.0, -4.5, -4.5, -4.5,
		-4.5, -4.5, -4.5, -4.5, -4.5, -4.5, -4.5, -4.5, -4.5, -4.5, -4.5, -4.5,
		-4.5, -4.5, -4.5, -4.5, -4.5, -4.5, -4.0, -4.0, -4.0, -4.0, -4.0, -4.0,
		-4.0, -4.0, -4.0, -4.0, -4.0, -4.0, -4.0, -4.0, -4.0, -4.0, -4.0, -4.0,
		-4.0, -4.0, -4.0, -3.5, -3.5, -3.5, -3.5, -3.5, -3.5, -3.5, -3.5, -3.5,
		-3.5, -3.5, -3.5, -3.5, -3.5, -3.5, -3.5, -3.5, -3.5, -3.5, -3.5, -3.5,
		-3.0, -3.0, -3.0, -3.0, -3.0, -3.0, -3.0, -3.0, -3.0, -3.0, -3.0, -3.0,
		-3.0, -3.0, -3.0, -3.0, -3.0, -3.0, -3.0, -3.0, -3.0, -2.5, -2.5, -2.5,
		-2.5, -2.5, -2.5, -2.5, -2.5, -2.5, -2.5, -2.5, -2.5, -2.5, -2.5, -2.5,
		-2.5, -2.5, -2.5, -2.5, -2.5, -2.5, -2.0, -2.0, -2.0, -2.0, -2.0, -2.0,
		-2.0, -2.0, -2.0, -2.0, -2.0, -2.0, -2.0, -2.0, -2.0, -2.0, -2.0, -2.0,
		-2.0, -2.0, -2.0, -1.5, -1.5, -1.5, -1.5, -1.5, -1.5, -1.5, -1.5, -1.5,
		-1.5, -1.5, -1.5, -1.5, -1.5, -1.5, -1.5, -1.5, -1.5, -1.5, -1.5, -1.5,
		-1.0, -1.0, -1.0, -1.0, -1.0, -1.0, -1.0, -1.0, -1.0, -1.0, -1.0, -1.0,
		-1.0, -1.0, -1.0, -1.0, -1.0, -1.0, -1.0, -1.0, -1.0, -0.5, -0.5, -0.5,
		-0.5, -0.5, -0.5, -0.5, -0.5, -0.5, -0.5, -0.5, -0.5, -0.5, -0.5, -0.5,
		-0.5, -0.5, -0.5, -0.5, -0.5, -0.5, 0.0, 0.0, 0.0, 0.0, 0.0, 0.0, 0.0,
		0.0, 0.0, 0.0, 0.0, 0.0, 0.0, 0.0, 0.0, 0.0, 0.0, 0.0, 0.0, 0.0, 0.0,
		0.5, 0.5, 0.5, 0.5, 0.5, 0.5, 0.5, 0.5, 0.5, 0.5, 0.5, 0.5, 0.5, 0.5,
		0.5, 0.5, 0.5, 0.5, 0.5, 0.5, 0.5, 1.0, 1.0, 1.0, 1.0, 1.0, 1.0, 1.0,
		1.0, 1.0, 1.0, 1.0, 1.0, 1.0, 1.0, 1.0, 1.0, 1.0, 1.0, 1.0, 1.0, 1.0,
		1.5, 1.5, 1.5, 1.5, 1.5, 1.5, 1.5, 1.5, 1.5, 1.5, 1.5, 1.5, 1.5, 1.5,
		1.5, 1.5, 1.5, 1.5, 1.5, 1.5, 1.5, 2.0, 2.0, 2.0, 2.0, 2.0, 2.0, 2.0,
		2.0, 2.0, 2.0, 2.0, 2.0, 2.0, 2.0, 2.0, 2.0, 2.0, 2.0, 2.0, 2.0, 2.0,
		2.5, 2.5, 2.5, 2.5, 2.5, 2.5, 2.5, 2.5, 2.5, 2.5, 2.5, 2.5, 2.5, 2.5,
		2.5, 2.5, 2.5, 2.5, 2.5, 2.5, 2.5, 3.0, 3.0, 3.0, 3.0, 3.0, 3.0, 3.0,
		3.0, 3.0, 3.0, 3.0, 3.0, 3.0, 3.0, 3.0, 3.0, 3.0, 3.0, 3.0, 3.0, 3.0,
		3.5, 3.5, 3.5, 3.5, 3.5, 3.5, 3.5, 3.5, 3.5, 3.5, 3.5, 3.5, 3.5, 3.5,
		3.5, 3.5, 3.5, 3.5, 3.5, 3.5, 3.5, 4.0, 4.0, 4.0, 4.0, 4.0, 4.0, 4.0,
		4.0, 4.0, 4.0, 4.0, 4.0, 4.0, 4.0, 4.0, 4.0, 4.0, 4.0, 4.0, 4.0, 4.0,
		4.5, 4.5, 4.5, 4.5, 4.5, 4.5, 4.5, 4.5, 4.5, 4.5, 4.5, 4.5, 4.5, 4.5,
		4.5, 4.5, 4.5, 4.5, 4.5, 4.5, 4.5, 5.0, 5.0, 5.0, 5.0, 5.0, 5.0, 5.0,
		5.0, 5.0, 5.0, 5.0, 5.0, 5.0, 5.0, 5.0, 5.0, 5.0, 5.0, 5.0, 5.0, 5.0,
	],
	z: [
		-0.0, -0.0, -0.0, -0.0, -0.0, -0.0, -0.0, -0.0, -0.0, -0.0, 0.0, -0.0,
		-0.0, -0.0, -0.0, -0.0, -0.0, -0.0, -0.0, -0.0, -0.0, -0.0, -0.0, -0.0,
		-0.0, -0.0, -0.0, 0.01511, 0.05132, 0.07805, 0.09446, 0.1, 0.09446,
		0.07805, 0.05132, 0.01511, -0.0, -0.0, -0.0, -0.0, -0.0, -0.0, -0.0,
		-0.0, -0.0, -0.0, 0.0, 0.0566, 0.10557, 0.1456, 0.17538, 0.19377, 0.2,
		0.19377, 0.17538, 0.1456, 0.10557, 0.0566, 0.0, -0.0, -0.0, -0.0, -0.0,
		-0.0, -0.0, -0.0, 0.01005, 0.07805, 0.13977, 0.19377, 0.23842, 0.27199,
		0.29289, 0.3, 0.29289, 0.27199, 0.23842, 0.19377, 0.13977, 0.07805,
		0.01005, -0.0, -0.0, -0.0, -0.0, -0.0, 0.0, 0.07805, 0.15147, 0.21898,
		0.27889, 0.32918, 0.36754, 0.39172, 0.4, 0.39172, 0.36754, 0.32918,
		0.27889, 0.21898, 0.15147, 0.07805, 0.0, -0.0, -0.0, -0.0, -0.0, 0.0566,
		0.13977, 0.21898, 0.29289, 0.35969, 0.4169, 0.46148, 0.4901, 0.5,
		0.4901, 0.46148, 0.4169, 0.35969, 0.29289, 0.21898, 0.13977, 0.0566,
		-0.0, -0.0, -0.0, 0.01511, 0.10557, 0.19377, 0.27889, 0.35969, 0.43431,
		0.5, 0.55279, 0.58769, 0.6, 0.58769, 0.55279, 0.5, 0.43431, 0.35969,
		0.27889, 0.19377, 0.10557, 0.01511, -0.0, -0.0, 0.05132, 0.1456,
		0.23842, 0.32918, 0.4169, 0.5, 0.57574, 0.63944, 0.68377, 0.7, 0.68377,
		0.63944, 0.57574, 0.5, 0.4169, 0.32918, 0.23842, 0.1456, 0.05132, -0.0,
		-0.0, 0.07805, 0.17538, 0.27199, 0.36754, 0.46148, 0.55279, 0.63944,
		0.71716, 0.77639, 0.8, 0.77639, 0.71716, 0.63944, 0.55279, 0.46148,
		0.36754, 0.27199, 0.17538, 0.07805, -0.0, -0.0, 0.09446, 0.19377,
		0.29289, 0.39172, 0.4901, 0.58769, 0.68377, 0.77639, 0.85858, 0.9,
		0.85858, 0.77639, 0.68377, 0.58769, 0.4901, 0.39172, 0.29289, 0.19377,
		0.09446, -0.0, 0.0, 0.1, 0.2, 0.3, 0.4, 0.5, 0.6, 0.7, 0.8, 0.9, 1.0,
		0.9, 0.8, 0.7, 0.6, 0.5, 0.4, 0.3, 0.2, 0.1, 0.0, -0.0, 0.09446,
		0.19377, 0.29289, 0.39172, 0.4901, 0.58769, 0.68377, 0.77639, 0.85858,
		0.9, 0.85858, 0.77639, 0.68377, 0.58769, 0.4901, 0.39172, 0.29289,
		0.19377, 0.09446, -0.0, -0.0, 0.07805, 0.17538, 0.27199, 0.36754,
		0.46148, 0.55279, 0.63944, 0.71716, 0.77639, 0.8, 0.77639, 0.71716,
		0.63944, 0.55279, 0.46148, 0.36754, 0.27199, 0.17538, 0.07805, -0.0,
		-0.0, 0.05132, 0.1456, 0.23842, 0.32918, 0.4169, 0.5, 0.57574, 0.63944,
		0.68377, 0.7, 0.68377, 0.63944, 0.57574, 0.5, 0.4169, 0.32918, 0.23842,
		0.1456, 0.05132, -0.0, -0.0, 0.01511, 0.10557, 0.19377, 0.27889,
		0.35969, 0.43431, 0.5, 0.55279, 0.58769, 0.6, 0.58769, 0.55279, 0.5,
		0.43431, 0.35969, 0.27889, 0.19377, 0.10557, 0.01511, -0.0, -0.0, -0.0,
		0.0566, 0.13977, 0.21898, 0.29289, 0.35969, 0.4169, 0.46148, 0.4901,
		0.5, 0.4901, 0.46148, 0.4169, 0.35969, 0.29289, 0.21898, 0.13977,
		0.0566, -0.0, -0.0, -0.0, -0.0, 0.0, 0.07805, 0.15147, 0.21898, 0.27889,
		0.32918, 0.36754, 0.39172, 0.4, 0.39172, 0.36754, 0.32918, 0.27889,
		0.21898, 0.15147, 0.07805, 0.0, -0.0, -0.0, -0.0, -0.0, -0.0, 0.01005,
		0.07805, 0.13977, 0.19377, 0.23842, 0.27199, 0.29289, 0.3, 0.29289,
		0.27199, 0.23842, 0.19377, 0.13977, 0.07805, 0.01005, -0.0, -0.0, -0.0,
		-0.0, -0.0, -0.0, -0.0, 0.0, 0.0566, 0.10557, 0.1456, 0.17538, 0.19377,
		0.2, 0.19377, 0.17538, 0.1456, 0.10557, 0.0566, 0.0, -0.0, -0.0, -0.0,
		-0.0, -0.0, -0.0, -0.0, -0.0, -0.0, -0.0, 0.01511, 0.05132, 0.07805,
		0.09446, 0.1, 0.09446, 0.07805, 0.05132, 0.01511, -0.0, -0.0, -0.0,
		-0.0, -0.0, -0.0, -0.0, -0.0, -0.0, -0.0, -0.0, -0.0, -0.0, -0.0, -0.0,
		-0.0, 0.0, -0.0, -0.0, -0.0, -0.0, -0.0, -0.0, -0.0, -0.0, -0.0, -0.0,
	],
	intensity: [
		-0.0, -0.0, -0.0, -0.0, -0.0, -0.0, -0.0, -0.0, -0.0, -0.0, 0.0, -0.0,
		-0.0, -0.0, -0.0, -0.0, -0.0, -0.0, -0.0, -0.0, -0.0, -0.0, -0.0, -0.0,
		-0.0, -0.0, -0.0, 0.01511, 0.05132, 0.07805, 0.09446, 0.1, 0.09446,
		0.07805, 0.05132, 0.01511, -0.0, -0.0, -0.0, -0.0, -0.0, -0.0, -0.0,
		-0.0, -0.0, -0.0, 0.0, 0.0566, 0.10557, 0.1456, 0.17538, 0.19377, 0.2,
		0.19377, 0.17538, 0.1456, 0.10557, 0.0566, 0.0, -0.0, -0.0, -0.0, -0.0,
		-0.0, -0.0, -0.0, 0.01005, 0.07805, 0.13977, 0.19377, 0.23842, 0.27199,
		0.29289, 0.3, 0.29289, 0.27199, 0.23842, 0.19377, 0.13977, 0.07805,
		0.01005, -0.0, -0.0, -0.0, -0.0, -0.0, 0.0, 0.07805, 0.15147, 0.21898,
		0.27889, 0.32918, 0.36754, 0.39172, 0.4, 0.39172, 0.36754, 0.32918,
		0.27889, 0.21898, 0.15147, 0.07805, 0.0, -0.0, -0.0, -0.0, -0.0, 0.0566,
		0.13977, 0.21898, 0.29289, 0.35969, 0.4169, 0.46148, 0.4901, 0.5,
		0.4901, 0.46148, 0.4169, 0.35969, 0.29289, 0.21898, 0.13977, 0.0566,
		-0.0, -0.0, -0.0, 0.01511, 0.10557, 0.19377, 0.27889, 0.35969, 0.43431,
		0.5, 0.55279, 0.58769, 0.6, 0.58769, 0.55279, 0.5, 0.43431, 0.35969,
		0.27889, 0.19377, 0.10557, 0.01511, -0.0, -0.0, 0.05132, 0.1456,
		0.23842, 0.32918, 0.4169, 0.5, 0.57574, 0.63944, 0.68377, 0.7, 0.68377,
		0.63944, 0.57574, 0.5, 0.4169, 0.32918, 0.23842, 0.1456, 0.05132, -0.0,
		-0.0, 0.07805, 0.17538, 0.27199, 0.36754, 0.46148, 0.55279, 0.63944,
		0.71716, 0.77639, 0.8, 0.77639, 0.71716, 0.63944, 0.55279, 0.46148,
		0.36754, 0.27199, 0.17538, 0.07805, -0.0, -0.0, 0.09446, 0.19377,
		0.29289, 0.39172, 0.4901, 0.58769, 0.68377, 0.77639, 0.85858, 0.9,
		0.85858, 0.77639, 0.68377, 0.58769, 0.4901, 0.39172, 0.29289, 0.19377,
		0.09446, -0.0, 0.0, 0.1, 0.2, 0.3, 0.4, 0.5, 0.6, 0.7, 0.8, 0.9, 1.0,
		0.9, 0.8, 0.7, 0.6, 0.5, 0.4, 0.3, 0.2, 0.1, 0.0, -0.0, 0.09446,
		0.19377, 0.29289, 0.39172, 0.4901, 0.58769, 0.68377, 0.77639, 0.85858,
		0.9, 0.85858, 0.77639, 0.68377, 0.58769, 0.4901, 0.39172, 0.29289,
		0.19377, 0.09446, -0.0, -0.0, 0.07805, 0.17538, 0.27199, 0.36754,
		0.46148, 0.55279, 0.63944, 0.71716, 0.77639, 0.8, 0.77639, 0.71716,
		0.63944, 0.55279, 0.46148, 0.36754, 0.27199, 0.17538, 0.07805, -0.0,
		-0.0, 0.05132, 0.1456, 0.23842, 0.32918, 0.4169, 0.5, 0.57574, 0.63944,
		0.68377, 0.7, 0.68377, 0.63944, 0.57574, 0.5, 0.4169, 0.32918, 0.23842,
		0.1456, 0.05132, -0.0, -0.0, 0.01511, 0.10557, 0.19377, 0.27889,
		0.35969, 0.43431, 0.5, 0.55279, 0.58769, 0.6, 0.58769, 0.55279, 0.5,
		0.43431, 0.35969, 0.27889, 0.19377, 0.10557, 0.01511, -0.0, -0.0, -0.0,
		0.0566, 0.13977, 0.21898, 0.29289, 0.35969, 0.4169, 0.46148, 0.4901,
		0.5, 0.4901, 0.46148, 0.4169, 0.35969, 0.29289, 0.21898, 0.13977,
		0.0566, -0.0, -0.0, -0.0, -0.0, 0.0, 0.07805, 0.15147, 0.21898, 0.27889,
		0.32918, 0.36754, 0.39172, 0.4, 0.39172, 0.36754, 0.32918, 0.27889,
		0.21898, 0.15147, 0.07805, 0.0, -0.0, -0.0, -0.0, -0.0, -0.0, 0.01005,
		0.07805, 0.13977, 0.19377, 0.23842, 0.27199, 0.29289, 0.3, 0.29289,
		0.27199, 0.23842, 0.19377, 0.13977, 0.07805, 0.01005, -0.0, -0.0, -0.0,
		-0.0, -0.0, -0.0, -0.0, 0.0, 0.0566, 0.10557, 0.1456, 0.17538, 0.19377,
		0.2, 0.19377, 0.17538, 0.1456, 0.10557, 0.0566, 0.0, -0.0, -0.0, -0.0,
		-0.0, -0.0, -0.0, -0.0, -0.0, -0.0, -0.0, 0.01511, 0.05132, 0.07805,
		0.09446, 0.1, 0.09446, 0.07805, 0.05132, 0.01511, -0.0, -0.0, -0.0,
		-0.0, -0.0, -0.0, -0.0, -0.0, -0.0, -0.0, -0.0, -0.0, -0.0, -0.0, -0.0,
		-0.0, 0.0, -0.0, -0.0, -0.0, -0.0, -0.0, -0.0, -0.0, -0.0, -0.0, -0.0,
	],
};
const data_atenua_3 = {
	type: "mesh3d",
	colorscale: cmap,
	x: [
		-5.0, -4.5, -4.0, -3.5, -3.0, -2.5, -2.0, -1.5, -1.0, -0.5, 0.0, 0.5,
		1.0, 1.5, 2.0, 2.5, 3.0, 3.5, 4.0, 4.5, 5.0, -5.0, -4.5, -4.0, -3.5,
		-3.0, -2.5, -2.0, -1.5, -1.0, -0.5, 0.0, 0.5, 1.0, 1.5, 2.0, 2.5, 3.0,
		3.5, 4.0, 4.5, 5.0, -5.0, -4.5, -4.0, -3.5, -3.0, -2.5, -2.0, -1.5,
		-1.0, -0.5, 0.0, 0.5, 1.0, 1.5, 2.0, 2.5, 3.0, 3.5, 4.0, 4.5, 5.0, -5.0,
		-4.5, -4.0, -3.5, -3.0, -2.5, -2.0, -1.5, -1.0, -0.5, 0.0, 0.5, 1.0,
		1.5, 2.0, 2.5, 3.0, 3.5, 4.0, 4.5, 5.0, -5.0, -4.5, -4.0, -3.5, -3.0,
		-2.5, -2.0, -1.5, -1.0, -0.5, 0.0, 0.5, 1.0, 1.5, 2.0, 2.5, 3.0, 3.5,
		4.0, 4.5, 5.0, -5.0, -4.5, -4.0, -3.5, -3.0, -2.5, -2.0, -1.5, -1.0,
		-0.5, 0.0, 0.5, 1.0, 1.5, 2.0, 2.5, 3.0, 3.5, 4.0, 4.5, 5.0, -5.0, -4.5,
		-4.0, -3.5, -3.0, -2.5, -2.0, -1.5, -1.0, -0.5, 0.0, 0.5, 1.0, 1.5, 2.0,
		2.5, 3.0, 3.5, 4.0, 4.5, 5.0, -5.0, -4.5, -4.0, -3.5, -3.0, -2.5, -2.0,
		-1.5, -1.0, -0.5, 0.0, 0.5, 1.0, 1.5, 2.0, 2.5, 3.0, 3.5, 4.0, 4.5, 5.0,
		-5.0, -4.5, -4.0, -3.5, -3.0, -2.5, -2.0, -1.5, -1.0, -0.5, 0.0, 0.5,
		1.0, 1.5, 2.0, 2.5, 3.0, 3.5, 4.0, 4.5, 5.0, -5.0, -4.5, -4.0, -3.5,
		-3.0, -2.5, -2.0, -1.5, -1.0, -0.5, 0.0, 0.5, 1.0, 1.5, 2.0, 2.5, 3.0,
		3.5, 4.0, 4.5, 5.0, -5.0, -4.5, -4.0, -3.5, -3.0, -2.5, -2.0, -1.5,
		-1.0, -0.5, 0.0, 0.5, 1.0, 1.5, 2.0, 2.5, 3.0, 3.5, 4.0, 4.5, 5.0, -5.0,
		-4.5, -4.0, -3.5, -3.0, -2.5, -2.0, -1.5, -1.0, -0.5, 0.0, 0.5, 1.0,
		1.5, 2.0, 2.5, 3.0, 3.5, 4.0, 4.5, 5.0, -5.0, -4.5, -4.0, -3.5, -3.0,
		-2.5, -2.0, -1.5, -1.0, -0.5, 0.0, 0.5, 1.0, 1.5, 2.0, 2.5, 3.0, 3.5,
		4.0, 4.5, 5.0, -5.0, -4.5, -4.0, -3.5, -3.0, -2.5, -2.0, -1.5, -1.0,
		-0.5, 0.0, 0.5, 1.0, 1.5, 2.0, 2.5, 3.0, 3.5, 4.0, 4.5, 5.0, -5.0, -4.5,
		-4.0, -3.5, -3.0, -2.5, -2.0, -1.5, -1.0, -0.5, 0.0, 0.5, 1.0, 1.5, 2.0,
		2.5, 3.0, 3.5, 4.0, 4.5, 5.0, -5.0, -4.5, -4.0, -3.5, -3.0, -2.5, -2.0,
		-1.5, -1.0, -0.5, 0.0, 0.5, 1.0, 1.5, 2.0, 2.5, 3.0, 3.5, 4.0, 4.5, 5.0,
		-5.0, -4.5, -4.0, -3.5, -3.0, -2.5, -2.0, -1.5, -1.0, -0.5, 0.0, 0.5,
		1.0, 1.5, 2.0, 2.5, 3.0, 3.5, 4.0, 4.5, 5.0, -5.0, -4.5, -4.0, -3.5,
		-3.0, -2.5, -2.0, -1.5, -1.0, -0.5, 0.0, 0.5, 1.0, 1.5, 2.0, 2.5, 3.0,
		3.5, 4.0, 4.5, 5.0, -5.0, -4.5, -4.0, -3.5, -3.0, -2.5, -2.0, -1.5,
		-1.0, -0.5, 0.0, 0.5, 1.0, 1.5, 2.0, 2.5, 3.0, 3.5, 4.0, 4.5, 5.0, -5.0,
		-4.5, -4.0, -3.5, -3.0, -2.5, -2.0, -1.5, -1.0, -0.5, 0.0, 0.5, 1.0,
		1.5, 2.0, 2.5, 3.0, 3.5, 4.0, 4.5, 5.0, -5.0, -4.5, -4.0, -3.5, -3.0,
		-2.5, -2.0, -1.5, -1.0, -0.5, 0.0, 0.5, 1.0, 1.5, 2.0, 2.5, 3.0, 3.5,
		4.0, 4.5, 5.0,
	],
	y: [
		-5.0, -5.0, -5.0, -5.0, -5.0, -5.0, -5.0, -5.0, -5.0, -5.0, -5.0, -5.0,
		-5.0, -5.0, -5.0, -5.0, -5.0, -5.0, -5.0, -5.0, -5.0, -4.5, -4.5, -4.5,
		-4.5, -4.5, -4.5, -4.5, -4.5, -4.5, -4.5, -4.5, -4.5, -4.5, -4.5, -4.5,
		-4.5, -4.5, -4.5, -4.5, -4.5, -4.5, -4.0, -4.0, -4.0, -4.0, -4.0, -4.0,
		-4.0, -4.0, -4.0, -4.0, -4.0, -4.0, -4.0, -4.0, -4.0, -4.0, -4.0, -4.0,
		-4.0, -4.0, -4.0, -3.5, -3.5, -3.5, -3.5, -3.5, -3.5, -3.5, -3.5, -3.5,
		-3.5, -3.5, -3.5, -3.5, -3.5, -3.5, -3.5, -3.5, -3.5, -3.5, -3.5, -3.5,
		-3.0, -3.0, -3.0, -3.0, -3.0, -3.0, -3.0, -3.0, -3.0, -3.0, -3.0, -3.0,
		-3.0, -3.0, -3.0, -3.0, -3.0, -3.0, -3.0, -3.0, -3.0, -2.5, -2.5, -2.5,
		-2.5, -2.5, -2.5, -2.5, -2.5, -2.5, -2.5, -2.5, -2.5, -2.5, -2.5, -2.5,
		-2.5, -2.5, -2.5, -2.5, -2.5, -2.5, -2.0, -2.0, -2.0, -2.0, -2.0, -2.0,
		-2.0, -2.0, -2.0, -2.0, -2.0, -2.0, -2.0, -2.0, -2.0, -2.0, -2.0, -2.0,
		-2.0, -2.0, -2.0, -1.5, -1.5, -1.5, -1.5, -1.5, -1.5, -1.5, -1.5, -1.5,
		-1.5, -1.5, -1.5, -1.5, -1.5, -1.5, -1.5, -1.5, -1.5, -1.5, -1.5, -1.5,
		-1.0, -1.0, -1.0, -1.0, -1.0, -1.0, -1.0, -1.0, -1.0, -1.0, -1.0, -1.0,
		-1.0, -1.0, -1.0, -1.0, -1.0, -1.0, -1.0, -1.0, -1.0, -0.5, -0.5, -0.5,
		-0.5, -0.5, -0.5, -0.5, -0.5, -0.5, -0.5, -0.5, -0.5, -0.5, -0.5, -0.5,
		-0.5, -0.5, -0.5, -0.5, -0.5, -0.5, 0.0, 0.0, 0.0, 0.0, 0.0, 0.0, 0.0,
		0.0, 0.0, 0.0, 0.0, 0.0, 0.0, 0.0, 0.0, 0.0, 0.0, 0.0, 0.0, 0.0, 0.0,
		0.5, 0.5, 0.5, 0.5, 0.5, 0.5, 0.5, 0.5, 0.5, 0.5, 0.5, 0.5, 0.5, 0.5,
		0.5, 0.5, 0.5, 0.5, 0.5, 0.5, 0.5, 1.0, 1.0, 1.0, 1.0, 1.0, 1.0, 1.0,
		1.0, 1.0, 1.0, 1.0, 1.0, 1.0, 1.0, 1.0, 1.0, 1.0, 1.0, 1.0, 1.0, 1.0,
		1.5, 1.5, 1.5, 1.5, 1.5, 1.5, 1.5, 1.5, 1.5, 1.5, 1.5, 1.5, 1.5, 1.5,
		1.5, 1.5, 1.5, 1.5, 1.5, 1.5, 1.5, 2.0, 2.0, 2.0, 2.0, 2.0, 2.0, 2.0,
		2.0, 2.0, 2.0, 2.0, 2.0, 2.0, 2.0, 2.0, 2.0, 2.0, 2.0, 2.0, 2.0, 2.0,
		2.5, 2.5, 2.5, 2.5, 2.5, 2.5, 2.5, 2.5, 2.5, 2.5, 2.5, 2.5, 2.5, 2.5,
		2.5, 2.5, 2.5, 2.5, 2.5, 2.5, 2.5, 3.0, 3.0, 3.0, 3.0, 3.0, 3.0, 3.0,
		3.0, 3.0, 3.0, 3.0, 3.0, 3.0, 3.0, 3.0, 3.0, 3.0, 3.0, 3.0, 3.0, 3.0,
		3.5, 3.5, 3.5, 3.5, 3.5, 3.5, 3.5, 3.5, 3.5, 3.5, 3.5, 3.5, 3.5, 3.5,
		3.5, 3.5, 3.5, 3.5, 3.5, 3.5, 3.5, 4.0, 4.0, 4.0, 4.0, 4.0, 4.0, 4.0,
		4.0, 4.0, 4.0, 4.0, 4.0, 4.0, 4.0, 4.0, 4.0, 4.0, 4.0, 4.0, 4.0, 4.0,
		4.5, 4.5, 4.5, 4.5, 4.5, 4.5, 4.5, 4.5, 4.5, 4.5, 4.5, 4.5, 4.5, 4.5,
		4.5, 4.5, 4.5, 4.5, 4.5, 4.5, 4.5, 5.0, 5.0, 5.0, 5.0, 5.0, 5.0, 5.0,
		5.0, 5.0, 5.0, 5.0, 5.0, 5.0, 5.0, 5.0, 5.0, 5.0, 5.0, 5.0, 5.0, 5.0,
	],
	z: [
		-0.0, -0.0, -0.0, -0.0, -0.0, -0.0, -0.0, -0.0, -0.0, -0.0, 0.0, -0.0,
		-0.0, -0.0, -0.0, -0.0, -0.0, -0.0, -0.0, -0.0, -0.0, -0.0, -0.0, -0.0,
		-0.0, -0.0, -0.0, 0.03, 0.1, 0.15, 0.18, 0.19, 0.18, 0.15, 0.1, 0.03,
		-0.0, -0.0, -0.0, -0.0, -0.0, -0.0, -0.0, -0.0, -0.0, -0.0, 0.0, 0.11,
		0.2, 0.27, 0.32, 0.35, 0.36, 0.35, 0.32, 0.27, 0.2, 0.11, 0.0, -0.0,
		-0.0, -0.0, -0.0, -0.0, -0.0, -0.0, 0.02, 0.15, 0.26, 0.35, 0.42, 0.47,
		0.5, 0.51, 0.5, 0.47, 0.42, 0.35, 0.26, 0.15, 0.02, -0.0, -0.0, -0.0,
		-0.0, -0.0, 0.0, 0.15, 0.28, 0.39, 0.48, 0.55, 0.6, 0.63, 0.64, 0.63,
		0.6, 0.55, 0.48, 0.39, 0.28, 0.15, 0.0, -0.0, -0.0, -0.0, -0.0, 0.11,
		0.26, 0.39, 0.5, 0.59, 0.66, 0.71, 0.74, 0.75, 0.74, 0.71, 0.66, 0.59,
		0.5, 0.39, 0.26, 0.11, -0.0, -0.0, -0.0, 0.03, 0.2, 0.35, 0.48, 0.59,
		0.68, 0.75, 0.8, 0.83, 0.84, 0.83, 0.8, 0.75, 0.68, 0.59, 0.48, 0.35,
		0.2, 0.03, -0.0, -0.0, 0.1, 0.27, 0.42, 0.55, 0.66, 0.75, 0.82, 0.87,
		0.9, 0.91, 0.9, 0.87, 0.82, 0.75, 0.66, 0.55, 0.42, 0.27, 0.1, -0.0,
		-0.0, 0.15, 0.32, 0.47, 0.6, 0.71, 0.8, 0.87, 0.92, 0.95, 0.96, 0.95,
		0.92, 0.87, 0.8, 0.71, 0.6, 0.47, 0.32, 0.15, -0.0, -0.0, 0.18, 0.35,
		0.5, 0.63, 0.74, 0.83, 0.9, 0.95, 0.98, 0.99, 0.98, 0.95, 0.9, 0.83,
		0.74, 0.63, 0.5, 0.35, 0.18, -0.0, 0.0, 0.19, 0.36, 0.51, 0.64, 0.75,
		0.84, 0.91, 0.96, 0.99, 1.0, 0.99, 0.96, 0.91, 0.84, 0.75, 0.64, 0.51,
		0.36, 0.19, 0.0, -0.0, 0.18, 0.35, 0.5, 0.63, 0.74, 0.83, 0.9, 0.95,
		0.98, 0.99, 0.98, 0.95, 0.9, 0.83, 0.74, 0.63, 0.5, 0.35, 0.18, -0.0,
		-0.0, 0.15, 0.32, 0.47, 0.6, 0.71, 0.8, 0.87, 0.92, 0.95, 0.96, 0.95,
		0.92, 0.87, 0.8, 0.71, 0.6, 0.47, 0.32, 0.15, -0.0, -0.0, 0.1, 0.27,
		0.42, 0.55, 0.66, 0.75, 0.82, 0.87, 0.9, 0.91, 0.9, 0.87, 0.82, 0.75,
		0.66, 0.55, 0.42, 0.27, 0.1, -0.0, -0.0, 0.03, 0.2, 0.35, 0.48, 0.59,
		0.68, 0.75, 0.8, 0.83, 0.84, 0.83, 0.8, 0.75, 0.68, 0.59, 0.48, 0.35,
		0.2, 0.03, -0.0, -0.0, -0.0, 0.11, 0.26, 0.39, 0.5, 0.59, 0.66, 0.71,
		0.74, 0.75, 0.74, 0.71, 0.66, 0.59, 0.5, 0.39, 0.26, 0.11, -0.0, -0.0,
		-0.0, -0.0, 0.0, 0.15, 0.28, 0.39, 0.48, 0.55, 0.6, 0.63, 0.64, 0.63,
		0.6, 0.55, 0.48, 0.39, 0.28, 0.15, 0.0, -0.0, -0.0, -0.0, -0.0, -0.0,
		0.02, 0.15, 0.26, 0.35, 0.42, 0.47, 0.5, 0.51, 0.5, 0.47, 0.42, 0.35,
		0.26, 0.15, 0.02, -0.0, -0.0, -0.0, -0.0, -0.0, -0.0, -0.0, 0.0, 0.11,
		0.2, 0.27, 0.32, 0.35, 0.36, 0.35, 0.32, 0.27, 0.2, 0.11, 0.0, -0.0,
		-0.0, -0.0, -0.0, -0.0, -0.0, -0.0, -0.0, -0.0, -0.0, 0.03, 0.1, 0.15,
		0.18, 0.19, 0.18, 0.15, 0.1, 0.03, -0.0, -0.0, -0.0, -0.0, -0.0, -0.0,
		-0.0, -0.0, -0.0, -0.0, -0.0, -0.0, -0.0, -0.0, -0.0, -0.0, 0.0, -0.0,
		-0.0, -0.0, -0.0, -0.0, -0.0, -0.0, -0.0, -0.0, -0.0,
	],
	intensity: [
		-0.0, -0.0, -0.0, -0.0, -0.0, -0.0, -0.0, -0.0, -0.0, -0.0, 0.0, -0.0,
		-0.0, -0.0, -0.0, -0.0, -0.0, -0.0, -0.0, -0.0, -0.0, -0.0, -0.0, -0.0,
		-0.0, -0.0, -0.0, 0.03, 0.1, 0.15, 0.18, 0.19, 0.18, 0.15, 0.1, 0.03,
		-0.0, -0.0, -0.0, -0.0, -0.0, -0.0, -0.0, -0.0, -0.0, -0.0, 0.0, 0.11,
		0.2, 0.27, 0.32, 0.35, 0.36, 0.35, 0.32, 0.27, 0.2, 0.11, 0.0, -0.0,
		-0.0, -0.0, -0.0, -0.0, -0.0, -0.0, 0.02, 0.15, 0.26, 0.35, 0.42, 0.47,
		0.5, 0.51, 0.5, 0.47, 0.42, 0.35, 0.26, 0.15, 0.02, -0.0, -0.0, -0.0,
		-0.0, -0.0, 0.0, 0.15, 0.28, 0.39, 0.48, 0.55, 0.6, 0.63, 0.64, 0.63,
		0.6, 0.55, 0.48, 0.39, 0.28, 0.15, 0.0, -0.0, -0.0, -0.0, -0.0, 0.11,
		0.26, 0.39, 0.5, 0.59, 0.66, 0.71, 0.74, 0.75, 0.74, 0.71, 0.66, 0.59,
		0.5, 0.39, 0.26, 0.11, -0.0, -0.0, -0.0, 0.03, 0.2, 0.35, 0.48, 0.59,
		0.68, 0.75, 0.8, 0.83, 0.84, 0.83, 0.8, 0.75, 0.68, 0.59, 0.48, 0.35,
		0.2, 0.03, -0.0, -0.0, 0.1, 0.27, 0.42, 0.55, 0.66, 0.75, 0.82, 0.87,
		0.9, 0.91, 0.9, 0.87, 0.82, 0.75, 0.66, 0.55, 0.42, 0.27, 0.1, -0.0,
		-0.0, 0.15, 0.32, 0.47, 0.6, 0.71, 0.8, 0.87, 0.92, 0.95, 0.96, 0.95,
		0.92, 0.87, 0.8, 0.71, 0.6, 0.47, 0.32, 0.15, -0.0, -0.0, 0.18, 0.35,
		0.5, 0.63, 0.74, 0.83, 0.9, 0.95, 0.98, 0.99, 0.98, 0.95, 0.9, 0.83,
		0.74, 0.63, 0.5, 0.35, 0.18, -0.0, 0.0, 0.19, 0.36, 0.51, 0.64, 0.75,
		0.84, 0.91, 0.96, 0.99, 1.0, 0.99, 0.96, 0.91, 0.84, 0.75, 0.64, 0.51,
		0.36, 0.19, 0.0, -0.0, 0.18, 0.35, 0.5, 0.63, 0.74, 0.83, 0.9, 0.95,
		0.98, 0.99, 0.98, 0.95, 0.9, 0.83, 0.74, 0.63, 0.5, 0.35, 0.18, -0.0,
		-0.0, 0.15, 0.32, 0.47, 0.6, 0.71, 0.8, 0.87, 0.92, 0.95, 0.96, 0.95,
		0.92, 0.87, 0.8, 0.71, 0.6, 0.47, 0.32, 0.15, -0.0, -0.0, 0.1, 0.27,
		0.42, 0.55, 0.66, 0.75, 0.82, 0.87, 0.9, 0.91, 0.9, 0.87, 0.82, 0.75,
		0.66, 0.55, 0.42, 0.27, 0.1, -0.0, -0.0, 0.03, 0.2, 0.35, 0.48, 0.59,
		0.68, 0.75, 0.8, 0.83, 0.84, 0.83, 0.8, 0.75, 0.68, 0.59, 0.48, 0.35,
		0.2, 0.03, -0.0, -0.0, -0.0, 0.11, 0.26, 0.39, 0.5, 0.59, 0.66, 0.71,
		0.74, 0.75, 0.74, 0.71, 0.66, 0.59, 0.5, 0.39, 0.26, 0.11, -0.0, -0.0,
		-0.0, -0.0, 0.0, 0.15, 0.28, 0.39, 0.48, 0.55, 0.6, 0.63, 0.64, 0.63,
		0.6, 0.55, 0.48, 0.39, 0.28, 0.15, 0.0, -0.0, -0.0, -0.0, -0.0, -0.0,
		0.02, 0.15, 0.26, 0.35, 0.42, 0.47, 0.5, 0.51, 0.5, 0.47, 0.42, 0.35,
		0.26, 0.15, 0.02, -0.0, -0.0, -0.0, -0.0, -0.0, -0.0, -0.0, 0.0, 0.11,
		0.2, 0.27, 0.32, 0.35, 0.36, 0.35, 0.32, 0.27, 0.2, 0.11, 0.0, -0.0,
		-0.0, -0.0, -0.0, -0.0, -0.0, -0.0, -0.0, -0.0, -0.0, 0.03, 0.1, 0.15,
		0.18, 0.19, 0.18, 0.15, 0.1, 0.03, -0.0, -0.0, -0.0, -0.0, -0.0, -0.0,
		-0.0, -0.0, -0.0, -0.0, -0.0, -0.0, -0.0, -0.0, -0.0, -0.0, 0.0, -0.0,
		-0.0, -0.0, -0.0, -0.0, -0.0, -0.0, -0.0, -0.0, -0.0,
	],
};

const data_resultados_1 = [
	{
		type: "lines",
		x: [
			0.008059958, 0.016119915, 0.03223983, 0.062277527, 0.078879991,
			0.107473265, 0.168512597,
		],
		y: [
			1.708610266, 1.687043936, 1.639099303, 1.55190175, 1.505339596,
			1.439068439, 1.352192685,
		],
		name: "Si",
		line: { shape: "spline", color: "#dc2c41" },
	},
	{
		type: "lines",
		x: [
			0.008059958, 0.016119915, 0.03223983, 0.062277527, 0.078879991,
			0.107473265, 0.168512597,
		],
		y: [
			1.708224011, 1.67788427, 1.640829469, 1.551334046, 1.504764992,
			1.438544474, 1.351713789,
		],
		name: "C",
		line: { shape: "spline", color: "black" },
	},
	{
		type: "lines",
		x: [
			0.008059958, 0.016119915, 0.03223983, 0.078879991, 0.107473265,
			0.168512597,
		],
		y: [
			1.708571976, 1.678256832, 1.641270946, 1.505255822, 1.441538145,
			1.358465777,
		],
		name: "Ge",
		line: { shape: "spline", color: "#8c8c8c" },
	},
];

const data_atenuacion_2d = [
	{
		type: "lines",

		x: [
			-8.0, -7.89333, -7.78667, -7.68, -7.57333, -7.46667, -7.36,
			-7.25333, -7.14667, -7.04, -6.93333, -6.82667, -6.72, -6.61333,
			-6.50667, -6.4, -6.29333, -6.18667, -6.08, -5.97333, -5.86667,
			-5.76, -5.65333, -5.54667, -5.44, -5.33333, -5.22667, -5.12,
			-5.01333, -4.90667, -4.8, -4.69333, -4.58667, -4.48, -4.37333,
			-4.26667, -4.16, -4.05333, -3.94667, -3.84, -3.73333, -3.62667,
			-3.52, -3.41333, -3.30667, -3.2, -3.09333, -2.98667, -2.88,
			-2.77333, -2.66667, -2.56, -2.45333, -2.34667, -2.24, -2.13333,
			-2.02667, -1.92, -1.81333, -1.70667, -1.6, -1.49333, -1.38667,
			-1.28, -1.17333, -1.06667, -0.96, -0.85333, -0.74667, -0.64,
			-0.53333, -0.42667, -0.32, -0.21333, -0.10667, 0.0, 0.10667,
			0.21333, 0.32, 0.42667, 0.53333, 0.64, 0.74667, 0.85333, 0.96,
			1.06667, 1.17333, 1.28, 1.38667, 1.49333, 1.6, 1.70667, 1.81333,
			1.92, 2.02667, 2.13333, 2.24, 2.34667, 2.45333, 2.56, 2.66667,
			2.77333, 2.88, 2.98667, 3.09333, 3.2, 3.30667, 3.41333, 3.52,
			3.62667, 3.73333, 3.84, 3.94667, 4.05333, 4.16, 4.26667, 4.37333,
			4.48, 4.58667, 4.69333, 4.8, 4.90667, 5.01333, 5.12, 5.22667,
			5.33333, 5.44, 5.54667, 5.65333, 5.76, 5.86667, 5.97333, 6.08,
			6.18667, 6.29333, 6.4, 6.50667, 6.61333, 6.72, 6.82667, 6.93333,
			7.04, 7.14667, 7.25333, 7.36, 7.46667, 7.57333, 7.68, 7.78667,
			7.89333, 8.0,
		],
		y: [
			0.00034, 0.00037, 0.00042, 0.00046, 0.00051, 0.00057, 0.00064,
			0.00071, 0.00079, 0.00088, 0.00097, 0.00108, 0.00121, 0.00134,
			0.00149, 0.00166, 0.00185, 0.00206, 0.00229, 0.00255, 0.00283,
			0.00315, 0.00351, 0.0039, 0.00434, 0.00483, 0.00537, 0.00598,
			0.00665, 0.0074, 0.00823, 0.00916, 0.01019, 0.01133, 0.01261,
			0.01403, 0.01561, 0.01736, 0.01932, 0.02149, 0.02391, 0.0266,
			0.0296, 0.03293, 0.03664, 0.04076, 0.04535, 0.05046, 0.05613,
			0.06245, 0.06948, 0.0773, 0.08601, 0.09569, 0.10646, 0.11844,
			0.13177, 0.14661, 0.16311, 0.18147, 0.2019, 0.22462, 0.24991,
			0.27804, 0.30933, 0.34415, 0.38289, 0.42599, 0.47394, 0.52729,
			0.58665, 0.65268, 0.72615, 0.80789, 0.89883, 1.0, 0.89883, 0.80789,
			0.72615, 0.65268, 0.58665, 0.52729, 0.47394, 0.42599, 0.38289,
			0.34415, 0.30933, 0.27804, 0.24991, 0.22462, 0.2019, 0.18147,
