-5.0000,-1.3663,-0.6864,-0.2854,0.0000,0.2854,0.6864,1.3663,5.0000,-5.0000,-1.3663,-0.6864,-0.2854,0.0000,0.2854,0.6864,1.3663,5.0000,-5.0000,-1.3663,-0.6864,-0.2854,0.0000,0.2854,0.6864,1.3663,5.0000,-5.0000,-1.3663,-0.6864,-0.2854,0.0000,0.2854,0.6864,1.3663,5.0000,-5.0000,-1.3663,-0.6864,-0.2854,0.0000,0.2854,0.6864,1.3663,5.0000,-5.0000,-1.3663,-0.6864,-0.2854,0.0000,0.2854,0.6864,1.3663,5.0000,-5.0000,-1.3663,-0.6864,-0.2854,0.0000,0.2854,0.6864,1.3663,5.0000,-5.0000,-1.3663,-0.6864,-0.2854,0.0000,0.2854,0.6864,1.3663,5.0000,-5.0000,-1.3663,-0.6864,-0.2854,0.0000,0.2854,0.6864,1.3663,5.0000
-5.0000,-5.0000,-5.0000,-5.0000,-5.0000,-5.0000,-5.0000,-5.0000,-5.0000,-1.3663,-1.3663,-1.3663,-1.3663,-1.3663,-1.3663,-1.3663,-1.3663,-1.3663,-0.6864,-0.6864,-0.6864,-0.6864,-0.6864,-0.6864,-0.6864,-0.6864,-0.6864,-0.2854,-0.2854,-0.2854,-0.2854,-0.2854,-0.2854,-0.2854,-0.2854,-0.2854,0.0000,0.0000,0.0000,0.0000,0.0000,0.0000,0.0000,0.0000,0.0000,0.2854,0.2854,0.2854,0.2854,0.2854,0.2854,0.2854,0.2854,0.2854,0.6864,0.6864,0.6864,0.6864,0.6864,0.6864,0.6864,0.6864,0.6864,1.3663,1.3663,1.3663,1.3663,1.3663,1.3663,1.3663,1.3663,1.3663,5.0000,5.0000,5.0000,5.0000,5.0000,5.0000,5.0000,5.0000,5.0000
0.0008,0.0056,0.0064,0.0067,0.0067,0.0067,0.0064,0.0056,0.0008,0.0056,0.1448,0.2167,0.2476,0.2551,0.2476,0.2167,0.1448,0.0056,0.0064,0.2167,0.3788,0.4755,0.5034,0.4755,0.3788,0.2167,0.0064,0.0067,0.2476,0.4755,0.6679,0.7517,0.6679,0.4755,0.2476,0.0067,0.0067,0.2551,0.5034,0.7517,1.0000,0.7517,0.5034,0.2551,0.0067,0.0067,0.2476,0.4755,0.6679,0.7517,0.6679,0.4755,0.2476,0.0067,0.0064,0.2167,0.3788,0.4755,0.5034,0.4755,0.3788,0.2167,0.0064,0.0056,0.1448,0.2167,0.2476,0.2551,0.2476,0.2167,0.1448,0.0056,0.0008,0.0056,0.0064,0.0067,0.0067,0.0067,0.0064,0.0056,0.0008
